Raw Grid:
  0   0   0   0   0   0   0   0   0   0   0   0   0   0   0   0   0   0   0   0   0   0   0   0   0   0   0   0   0   0   0   0   0   0   0   0   0   0   0   0   0   0   0   0   0   0   0   0   0   0   0   0   0   0   0   0   0   0   0   0   0   0   0   0   0   0   0   0   0   0   0   0   0   0   0   0   0   0   0   0   0   0   0   0   0   0   0   0   0   0   0   0   0   0   0   0   0   0   0   0 
  0   0   0   0   0   0   0   0   0   0   0   0   0   0   0   0   0   0   0   0   0   0   0   0   0   0   0   0   0   0   0   0   0   0   0   0   0   0   0   0   0   0   0   0   0   0   0   0   0   0   0   0   0   0   0   0   0   0   0   0   0   0   0   0   0   0   0   0   0   0   0   0   0   0   0   0   0   0   0   0   0   0   0   0   0   0   0   0   0   0   0   0   0   0   0   0   0   0   0   0 
  0   0   0   0   0   0   0   0   0   0   0   0   0   0   0   0   0   0   0   0   0   0   0   0   0   0   0   0   0   0   0   0   0   0   0   0   0   0   0   0   0   0   0   0   0   0   0   0   0   0   0   0   0   0   0   0   0   0   0   0   0   0   0   0   0   0   0   0   0   0   0   0   0   0   0   0   0   0   0   0   0   0   0   0   0   0   0   0   0   0   0   0   0   0   0   0   0   0   0   0 
  0   0   0   0   0   0   0   0   0   0   0   0   0   0   0   0   0   0   0   0   0   0   0   0   0   0   0   0   0   0   0   0   0   0   0   0   0   0   0   0   0   0   0   0   0   0   0   0   0   0   0   0   0   0   0   0   0   0   0   0   0   0   0   0   0   0   0   0   0   0   0   0   0   0   0   0   0   0   0   0   0   0   0   0   0   0   0   0   0   0   0   0   0   0   0   0   0   0   0   0 
  0   0   0   0   0   0   0   0   0   0   0   0   0   0   0   0   0   0   0   0   0   0   0   0   0   0   0   0   0   0   0   0   0   0   0   0   0   0   0   0   0   0   0   0   0   0   0   0   0   0   0   0   0   0   0   0   0   0   0   0   0   0   0   0   0   0   0   0   0   0   0   0   0   0   0   0   0   0   0   0   0   0   0   0   0   0   0   0   0   0   0   0   0   0   0   0   0   0   0   0 
  0   0   0   0   0   0   0   0   0   0   0   0   0   0   0   0   0   0   0   0   0   0   0   0   0   0   0   0   0   0   0   0   0   0   0   0   0   0   0   0   0   0   0   0   0   0   0   0   0   0   0   0   0   0   0   0   0   0   0   0   0   0   0   0   0   0   0   0   0   0   0   0   0   0   0   0   0   0   0   0   0   0   0   0   0   0   0   0   0   0   0   0   0   0   0   0   0   0   0   0 
  0   0   0   0   0   0   0   0   0   0   0   0   0   0   0   0   0   0   0   0   0   0   0   0   0   0   0   0   0   0   0   0   0   0   0   0   0   0   0   0   0   0   0   0   0   0   0   0   0   0   0   0   0   0   0   0   0   0   0   0   2   1   0   0   0   0   0   0   0   0   0   0   0   0   0   0   0   0   0   0   0   0   0   0   0   0   0   0   0   0   0   0   0   0   0   0   0   0   0   0 
  0   0   0   0   0   0   0   0   0   0   0   0   0   0   0   0   0   0   0   0   0   0   0   0   0   0   0   0   0   0   0   0   0   0   0   0   0   0   0   0   0   0   0   0   0   0   0   0   0   0   0   0   0   0   0   0   0   0   0   0   1   2   0   0   0   0   0   0   0   0   0   0   0   0   0   0   0   0   0   0   0   0   0   0   0   0   0   0   0   0   0   0   0   0   0   0   0   0   0   0 
  0   0   0   0   0   0   0   0   0   0   0   0   0   0   0   0   0   0   0   0   0   0   0   0   0   0   0   0   0   0   0   0   0   0   0   0   0   0   0   0   0   0   0   0   0   0   0   0   0   0   0   0   0   0   0   0   0   0   0   2   2   1   0   2   0   0   0   0   0   0   0   0   0   0   0   0   0   0   0   0   0   0   0   0   0   0   0   0   0   0   0   0   0   0   0   0   0   0   0   0 
  0   0   0   0   0   0   0   0   0   0   0   0   0   0   0   0   0   0   0   0   0   0   0   0   0   0   0   0   0   0   0   0   0   0   0   0   0   0   0   0   0   0   0   0   0   0   0   0   0   0   0   0   0   0   0   0   0   0   1   1   1   1   2   1   2   0   0   1   1   0   0   0   0   0   0   0   0   0   0   0   0   0   0   0   0   0   0   0   0   0   0   0   0   0   0   0   0   0   0   0 
  0   0   0   0   0   0   0   0   0   0   0   0   0   0   0   0   0   0   0   0   0   0   0   0   0   0   0   0   0   0   0   0   0   0   0   0   0   0   0   0   0   0   0   0   0   0   0   0   0   0   0   1   0   0   0   0   0   0   0   1   1   1   0   1   3   1   1   2   1   0   0   0   0   0   0   0   0   0   0   0   0   0   0   0   0   0   0   0   0   0   0   0   0   0   0   0   0   0   0   0 
  0   0   0   0   0   0   0   0   0   0   0   0   0   0   0   0   0   0   0   0   0   0   0   0   0   0   0   0   0   0   0   0   0   0   0   0   0   0   0   0   0   0   0   1   1   0   0   0   0   0   1   1   0   0   0   0   0   0   0   2   2   1   1   1   2   2   2   3   2   1   0   0   0   0   0   0   0   0   0   0   0   0   0   0   0   0   0   0   0   0   0   0   0   0   0   0   0   0   0   0 
  0   0   0   0   0   0   0   0   0   0   0   0   0   0   0   0   0   0   0   0   0   0   0   0   0   0   0   0   0   0   0   0   0   0   0   0   0   0   0   0   0   0   0   0   0   1   0   0   0   0   0   1   1   0   0   1   1   1   0   0   1   3   0   1   1   2   2   3   2   1   0   0   0   0   0   0   0   0   0   0   0   0   0   0   0   0   0   0   0   0   0   0   0   0   0   0   0   0   0   0 
  0   0   0   0   0   0   0   0   0   0   0   0   0   0   0   0   0   0   0   0   0   0   0   0   0   0   0   0   0   0   0   0   0   0   0   0   0   0   0   1   0   0   0   0   0   1   1   0   0   0   0   2   1   1   0   0   0   2   2   1   1   0   1   1   0   2   2   1   1   2   0   0   0   0   0   0   0   0   0   0   0   0   0   0   0   0   0   0   0   0   0   0   0   0   0   0   0   0   0   0 
  0   0   0   0   0   0   0   0   0   0   0   0   0   0   0   0   0   0   0   0   0   0   0   0   0   0   0   0   0   0   0   0   0   0   0   0   0   0   0   1   2   0   1   2   0   1   3   3   0   0   1   1   2   0   0   0   0   1   0   0   2   0   0   1   1   1   0   0   1   0   0   0   0   0   0   0   0   0   0   0   0   0   0   0   0   0   0   0   0   0   0   0   0   0   0   0   0   0   0   0 
  0   0   0   0   0   0   0   0   0   0   0   0   0   0   0   0   0   0   0   0   0   0   0   0   0   0   0   0   0   0   0   0   0   0   0   0   0   0   0   2   2   1   2   3   2   3   3   3   3   2   2   1   2   1   1   0   0   0   2   1   1   1   0   0   1   2   0   0   0   1   0   0   0   0   0   0   0   0   0   0   0   0   0   0   0   0   0   0   0   0   0   0   0   0   0   0   0   0   0   0 
  0   0   0   0   0   0   0   0   0   0   0   0   0   0   0   0   0   0   0   0   0   0   0   0   0   0   0   0   0   0   0   0   0   0   3   2   1   2   1   2   3   2   3   2   4   3   4   2   2   2   1   3   2   2   1   1   0   2   3   1   1   2   0   2   0   2   3   1   1   1   1   0   0   1   0   0   0   0   0   0   0   0   0   0   0   0   0   0   0   0   0   0   0   0   0   0   0   0   0   0 
  0   0   0   0   0   0   0   0   0   0   0   0   0   0   0   0   0   0   0   0   0   0   0   0   0   0   0   0   0   0   0   0   1   2   1   2   2   1   4   3   3   3   2   3   2   3   4   4   4   2   5   3   2   1   1   1   2   2   3   3   2   2   1   0   2   2   1   3   3   1   0   0   0   2   1   1   0   0   0   0   0   0   0   0   0   0   0   0   0   0   0   0   0   0   0   0   0   0   0   0 
  0   0   0   0   0   0   0   0   0   0   0   0   0   0   0   0   0   0   0   0   0   0   0   0   0   0   0   0   0   0   0   0   1   2   0   1   1   3   2   3   3   1   2   2   3   3   7   5   6   5   5   2   2   2   3   1   1   2   4   2   3   3   2   2   4   0   2   2   1   4   0   0   0   0   1   2   0   0   1   1   0   0   0   0   0   0   0   0   0   0   0   0   0   0   0   0   0   0   0   0 
  0   0   0   0   0   0   0   0   0   0   0   0   0   0   0   0   0   0   0   0   0   0   0   0   0   0   1   1   1   0   1   0   0   1   2   1   2   4   1   3   3   4   2   5   5   6   4   7   7   5   5   4   4   6   5   3   4   4   4   4   4   3   3   3   4   2   6   3   3   4   2   2   0   2   0   2   2   2   0   2   0   0   0   0   0   0   0   0   0   0   0   0   0   0   0   0   0   0   0   0 
  0   0   0   0   0   0   0   0   0   0   0   0   0   0   0   0   0   0   0   0   0   1   0   0   0   0   0   1   2   0   0   2   0   3   2   3   4   2   4   2   6   5   4   6   6   7   3   6   6   7   6   5   5   5   7   7   8   9   7   4   6   6   5   2   1   5   6   5   5   2   1   1   3   2   2   1   3   2   2   1   0   0   0   0   0   0   0   0   0   0   0   0   0   0   0   0   0   0   0   0 
  0   0   0   0   0   0   0   0   0   0   0   0   0   0   0   0   0   0   0   2   2   0   0   0   2   0   1   3   2   1   4   3   2   2   3   3   2   2   5   5   6   6   6   7   8   7   8   9   8   7   7   8   6   7   6   7   7   8   8   7   7   7   3   2   4   4   6   3   5   1   1   2   3   3   3   3   3   2   2   1   0   0   0   0   0   0   0   0   0   0   0   0   0   0   0   0   0   0   0   0 
  0   0   0   0   0   0   0   0   0   0   0   0   0   0   0   0   1   0   0   0   3   0   0   0   4   2   3   3   3   3   5   5   5   5   4   4   4   6   5   5   5   7   5   8   8   9   9   9   8   8   6   7   8   8   8   7   8   6   7   8   9   5   3   5   3   5   3   5   5   2   3   3   3   4   5   1   3   3   1   0   0   0   0   0   0   0   0   0   0   0   0   0   0   0   0   0   0   0   0   0 
  0   0   0   0   0   0   0   0   0   0   0   0   0   0   0   1   1   1   1   2   0   2   2   3   2   4   4   5   4   2   5   6   6   4   5   5   4   6   6   9   9   6   5   9  11   8   8  10   9   8   8  10   8  11   8   9  10   9   9   8   8   7   5   4   6   3   5   4   2   2   3   1   3   2   0   3   1   2   1   0   0   0   0   0   0   0   0   0   0   0   0   0   0   0   0   0   0   0   0   0 
  0   0   0   0   0   0   0   0   0   0   0   0   0   0   0   0   1   0   2   4   2   0   3   2   3   1   3   6   4   4   4   4   3   6   6   7   6   6   7   9  10   7  11  10  11  10   6  10   6   9  10  13  13  10  12  10   9   6   8  10   7   3   5   4   5   4   2   3   3   2   4   2   2   0   2   2   1   1   2   1   0   0   0   0   0   0   0   0   0   0   0   0   0   0   0   0   0   0   0   0 
  0   0   0   0   0   0   0   0   0   0   0   0   0   1   0   1   0   1   4   2   4   3   2   4   4   6   5   4   7   7   6   4   5   6   6   7   7   8   9  10   9  11  10  11  10  11  11  11  11   9  10  13  14  13  10  11  10   7  11   9   8   5   6   5   6   4   5   4   3   3   2   4   0   2   2   2   2   2   1   1   0   0   0   0   0   0   0   0   0   0   0   0   0   0   0   0   0   0   0   0 
  0   0   0   0   0   0   0   0   0   0   0   0   0   0   1   0   0   1   3   4   5   3   2   4   5   7   8   7   4   6   5   5   5   6   4   8   8   9   9  11  11  13  11   9  10  11  11  11  12  13  12  14  14  14  13   8  12  12  10   9   9   7   6   8   6   6   6   3   4   3   2   1   3   3   4   2   1   0   2   0   0   0   0   0   0   0   0   0   0   0   0   0   0   0   0   0   0   0   0   0 
  0   0   0   0   0   0   0   0   0   0   0   0   0   0   0   0   0   2   4   3   4   4   4   3   5   6   7   6   6   6   5   6   6   6  10  10   9  10  12  12  11  12  13  13  13  11  12  12  13  12  14  16  14  15  11  13  15  11  13  12  12   8   7   8   6   7   7   6   5   5   4   3   3   4   4   4   1   2   0   0   0   0   0   0   0   0   1   2   1   0   0   0   0   0   0   0   0   0   0   0 
  0   0   0   0   0   0   0   0   1   0   0   0   0   0   0   0   0   1   1   4   3   2   4   4   4   6   7   6   7   6   8   7   7   7  11   9  10   8  11  12  10   7  12  12   9  13  14  15  14  14  15  16  16  18  15  16  15  14  14  12  12  11  11   6   6   6   4   7   6   4   2   3   2   3   4   3   3   1   0   0   0   2   0   0   0   0   0   2   0   0   0   0   0   0   0   0   0   0   0   0 
  0   0   0   0   0   0   0   1   2   2   1   0   0   0   0   0   0   0   3   2   3   4   0   4   5   6   8   9   8   9   7   6  10   9   9  10   8  10  12  12  11  12  11  12  13  14  15  14  17  14  16  16  17  19  18  17  15  16  13  12  13  13  11  11   9   8   6   6   8   6   5   5   2   1   2   2   4   1   2   2   2   0   1   1   1   1   0   0   2   0   1   0   0   0   0   0   0   0   0   0 
  0   0   0   0   0   0   0   0   0   1   1   0   0   0   2   1   1   2   3   3   1   1   6   6   5   8   9   9   9   8  10   7   8  10   9  10   9  12  11  11  13  14  11  13  12  16  15  17  17  18  18  19  18  19  17  18  15  15  16  14  13  12  11  10   9   7   8   7   5   8   9   7   4   3   2   3   4   4   2   1   2   0   0   0   0   0   0   1   0   2   2   2   1   0   0   0   0   0   0   0 
  0   0   0   0   0   0   0   0   0   0   2   2   1   1   0   2   2   3   3   4   2   5   5   6   7   7   8  10  10   7   9   9  10   9  10  10  10  12  11  10  14  15  12  15  16  16  16  18  18  17  18  20  19  18  17  17  15  16  17  15  12  11  13  13  11  10   9   8   7   6   7   4   6   4   3   3   3   3   3   3   3   3   1   1   0   1   2   0   0   0   1   0   0   0   0   0   0   0   0   0 
  0   0   0   0   0   0   0   0   0   0   0   1   2   2   1   1   4   4   6   5   5   4   7   5   6   8   6  10   9   9  10   9   8   9   9  11  12  13  13  13  16  14  16  17  16  19  18  16  19  22  18  19  19  17  19  16  18  20  19  16  14  14  14  15  12  12   7   8   8   8   6   7   9   7   4   4   4   1   2   3   1   2   1   2   1   0   1   0   0   0   0   0   0   0   0   0   0   0   0   0 
  0   0   0   0   0   0   0   0   0   0   0   1   2   2   3   2   4   5   5   4   5   6   6   8   6   5  10   7   6   9  11   8  11  11  12  12  13  14  15  15  17  15  18  18  17  19  22  20  24  21  24  22  22  22  21  22  20  19  19  18  15  16  14  15  13  13  11  10   6  10   7   6   8   8   5   5   2   3   4   2   2   2   1   0   0   0   0   0   0   0   0   0   0   0   0   0   0   0   0   0 
  0   0   0   0   0   0   0   0   0   0   0   0   1   2   3   2   4   4   4   3   5   5   8   6   6   7  10  10   9   8  10  11  14  13  12  13  13  16  17  18  19  19  16  19  19  20  21  24  24  24  24  25  25  22  21  22  21  19  17  20  18  18  16  13  15  14  14  13  11  11  10  11   7   8   4   5   3   3   2   1   2   1   0   0   0   0   0   0   0   0   0   0   0   0   0   0   0   0   0   0 
  0   0   0   0   0   0   0   0   0   0   0   0   0   1   0   3   5   6   5   5   5   5   4   5   5   7   8   9  10   9  14  12  15  14  12  14  15  16  18  19  20  18  21  21  19  26  27  23  24  25  27  26  24  25  23  24  22  20  19  21  20  19  17  18  15  14  16  15  11   9  12  10   8   9   7   7   5   3   2   2   2   1   0   0   0   0   0   0   0   0   0   0   0   0   0   0   0   0   0   0 
  0   0   0   0   0   0   0   0   0   0   0   0   0   1   3   2   4   4   7   4   6   6   5   4   5   9   9   9  10  11  14  14  16  18  17  14  15  19  20  19  19  21  24  19  25  27  26  27  30  26  27  28  26  25  24  26  25  15  21  22  21  20  18  16  14  14  16  14  10  11   8   9   6   5   7   6   6   4   3   1   2   0   0   0   0   0   0   0   0   0   0   0   0   0   0   0   0   0   0   0 
  0   0   0   0   0   0   0   0   0   0   0   0   0   2   3   3   2   4   4   6   6   6   5   6   4  10   9   9  11  13  13  15  17  19  20  19  17  19  18  20  21  23  24  26  27  28  26  28  29  31  29  31  30  25  27  27  29  24  22  23  23  19  20  17  16  16  15  13  10   9   8   9   7   8   6   6   6   6   5   5   3   1   1   0   0   0   0   0   0   0   0   0   0   0   0   0   0   0   0   0 
  0   0   0   0   0   0   0   0   0   0   0   1   2   2   3   2   5   1   4   4   3   7   6   5   6   6  11  10  12  11  13  17  17  16  20  19  19  19  21  19  21  23  26  25  30  28  29  29  34  33  34  33  34  32  28  30  29  29  27  26  25  20  19  19  17  16  16  11  11  11  11  10   8   8   8   8   7   4   6   7   4   2   2   0   0   0   0   0   0   0   0   0   0   0   0   0   0   0   0   0 
  0   0   0   0   0   0   0   0   0   0   0   2   3   1   3   3   2   5   4   3   4   7   6   7   6   7   6   9  12  11  15  15  17  17  19  19  20  19  21  21  22  24  26  31  31  29  31  31  32  39  37  33  38  36  33  30  30  27  29  26  24  23  17  19  18  19  13  11   9  10  10  12  12   7   6   8   6   6   6   5   4   1   0   2   2   0   0   1   0   0   0   0   0   0   0   0   0   0   0   0 
  0   0   0   0   0   0   0   0   0   0   0   0   0   3   2   4   5   4   3   6   6   7   7   5   5   7  11  10  10  13  14  16  16  17  18  20  20  20  20  25  24  28  30  32  32  32  33  36  38  37  38  38  38  36  33  29  32  31  28  29  29  29  20  22  20  19  17  15  13  12  13  12  10   9   8   8   7   5   3   3   3   3   2   3   3   2   1   1   0   0   0   0   0   0   0   0   0   0   0   0 
  0   0   0   0   0   0   0   0   0   0   0   0   0   0   3   4   5   3   4   5   7   6   7   6   6   8   9  11  11  11  15  16  17  17  17  20  21  23  24  25  26  30  32  33  34  34  39  38  40  40  39  41  40  37  34  31  32  32  30  30  31  30  27  22  20  19  18  14  15  14  12  13  12  11   9   9   5   5   4   5   2   2   2   0   3   1   2   2   0   0   1   1   0   0   0   0   0   0   0   0 
  0   0   0   0   0   0   0   0   0   0   0   0   0   2   2   2   3   4   4   6   7   5   7   8   9   9   9  10  11  13  15  16  18  17  17  20  20  23  23  25  28  31  32  36  37  38  38  40  40  36  40  39  41  41  37  36  36  33  30  31  33  29  29  24  22  20  17  15  13  15  12  11  13  12   8   7   7   4   4   5   3   1   1   1   2   2   1   1   0   1   2   1   0   1   0   0   0   0   0   0 
  0   0   0   0   0   0   0   0   0   0   0   0   0   1   1   1   2   0   3   5   5   4   8   8  10  10   9  11  11  12  15  17  17  19  20  19  21  24  25  27  32  33  34  38  37  41  41  41  42  44  40  42  43  41  40  37  34  39  38  33  33  31  30  25  23  21  20  17  17  15  15  13  13  12   8   9   5   7   6   4   2   1   2   0   2   1   1   0   1   0   2   1   1   2   0   0   0   0   0   0 
  0   0   0   0   0   0   0   0   0   0   0   0   0   1   0   3   2   2   3   5   6   6   8   8  10   5   7  11  13  16  15  16  17  16  17  22  23  25  28  28  34  34  35  38  41  41  41  40  43  44  43  41  42  44  40  40  37  38  36  33  30  31  29  27  23  22  22  19  17  16  14  13  12  11   9   7   8   6   7   4   4   2   2   2   1   0   0   1   0   1   2   2   2   2   0   0   0   0   0   0 
  0   0   0   0   0   0   0   0   0   0   0   0   0   0   2   0   4   3   3   5   6   7   9   8   7   7  10  10  11  13  15  16  18  19  17  21  22  27  28  32  32  36  35  38  40  42  41  43  47  44  46  43  44  45  45  41  39  39  35  32  32  31  29  25  24  22  20  20  18  17  15  13  12  10   9  10  11   8   2   6   2   1   1   1   0   0   0   0   0   0   0   1   3   0   0   0   0   0   0   0 
  0   0   0   0   0   0   0   0   0   0   0   0   0   0   2   1   1   0   3   3   5   8   8   7   9   8  10  10  11  14  15  17  18  22  19  18  23  26  32  30  34  36  39  41  42  41  45  46  48  48  45  45  44  44  43  42  40  38  39  37  32  28  28  23  24  20  19  20  19  18  17  14  12  10   9   9   7   9   8   5   4   2   2   0   0   0   0   0   0   0   1   2   0   0   0   0   0   0   0   0 
  0   0   0   0   0   0   0   0   0   0   0   0   0   1   1   2   2   2   3   6   6   6   8   8   7   9  10  12  13  14  15  16  20  21  22  17  24  25  31  33  35  41  40  42  43  44  45  46  45  47  46  48  45  42  43  39  37  39  39  33  33  27  28  24  24  25  20  20  16  17  16  13  10  11  11  11   9   8   6   5   5   4   2   1   1   1   1   0   0   1   1   1   1   0   1   0   0   0   0   0 
  0   0   0   0   0   0   0   0   0   0   1   0   1   0   1   2   1   1   5   4   5   7   6   8  11  10  11  10  13  14  17  18  18  22  23  23  25  23  32  32  38  41  41  44  44  45  44  44  47  47  47  48  44  46  42  40  38  39  39  35  31  30  27  27  25  23  22  20  17  15  12  14  11  10   8  10   8   9   8   7   7   3   1   0   1   1   2   2   1   1   1   0   0   2   1   0   0   0   0   0 
  0   0   0   0   0   0   0   0   0   2   1   2   0   1   1   4   3   5   2   5   6   6   7   7  10  10  11  11  10  13  12  18  20  22  22  22  26  24  27  31  38  33  44  43  44  44  43  46  46  46  46  46  47  44  44  42  39  35  37  34  32  30  29  21  25  22  19  18  16  15  14  15  12  12  10   7   8   7   7   7   8   3   2   2   0   1   0   1   1   1   1   1   3   2   0   0   0   0   0   0 
  0   0   0   0   0   0   0   0   2   1   1   0   1   1   1   1   3   2   4   5   7   4   4   6   9  10  10  12  13  13  14  19  21  21  21  23  23  26  29  32  37  37  38  39  43  43  43  46  45  46  47  46  45  43  43  45  37  39  36  36  27  29  25  25  23  23  23  19  17  15  14  15  13  12  11   9   7   6   7   8   6   2   3   3   1   0   0   0   2   1   0   3   3   0   0   0   0   0   0   0 
  0   0   0   0   0   0   0   0   0   1   0   0   1   2   2   0   1   2   2   4   5   5   5   9   8  11  11  11  12  12  17  14  20  20  19  21  23  28  30  35  38  36  38  44  44  44  45  43  45  46  46  44  46  45  45  43  38  36  38  35  30  30  25  24  23  23  23  18  15  17  13  13  14  14  13   8   9   6   7   5   5   3   1   0   0   0   0   0   0   1   3   0   1   0   0   0   0   0   0   0 
  0   0   0   0   0   0   0   0   0   0   0   0   0   1   0   0   1   2   1   4   6   5   5   6   8  10   8  11  14  16  16  18  19  21  20  21  26  26  29  33  35  33  39  42  42  44  44  43  43  44  45  45  46  43  42  43  42  39  38  33  30  27  29  23  22  23  22  20  17  14  13  12  14  13   8   6   8   6   5   4   5   5   4   0   1   0   0   0   0   0   0   1   0   0   0   0   0   0   0   0 
  0   0   0   0   0   0   0   0   0   0   0   0   0   0   2   2   1   2   3   4   4   5   4   6   7   6  10  12  12  17  14  17  20  19  21  22  23  26  30  31  34  36  39  42  44  43  44  42  40  43  44  46  48  48  44  43  41  37  37  29  30  28  29  25  21  22  21  17  19  15  11  12  10   9   8   6   6   7   5   3   5   3   4   3   2   1   0   0   0   0   0   0   0   0   0   0   0   0   0   0 
  0   0   0   0   0   0   0   0   1   1   1   0   0   0   1   1   1   3   3   5   4   3   4   5   7   7   8  11  13  15  14  17  16  20  20  19  24  25  29  27  30  34  35  43  42  43  44  43  42  42  46  43  46  43  42  41  42  36  38  30  28  29  28  24  23  21  20  17  14  15  11  11  10   9  10   9   9   6   6   6   5   4   4   2   2   0   1   0   0   0   0   0   0   0   0   0   0   0   0   0 
  0   0   0   0   0   0   0   0   1   3   2   1   0   1   1   0   2   3   2   4   4   3   5   8   9   8  10  12  13  13  15  15  16  19  22  23  24  26  27  29  31  33  36  42  41  45  43  44  44  47  46  45  46  45  43  43  43  39  34  30  29  29  26  25  26  22  17  17  15  16  10   8   9   8   7  10   9   9   7   6   4   4   3   3   3   2   0   0   0   0   0   0   0   0   0   0   0   0   0   0 
  0   0   0   0   0   0   0   0   0   3   2   0   1   2   3   1   2   4   3   3   4   5   6   6   8   8  11   9  14  12  14  17  17  19  22  21  26  24  28  30  32  33  36  37  43  44  43  43  43  44  45  44  46  44  42  41  40  39  32  31  26  24  24  25  23  22  18  17  15  14  12  10  11  10   8   9   9   6   7   4   2   4   4   3   2   2   1   2   0   0   0   0   0   0   0   0   0   0   0   0 
  0   0   0   0   0   0   0   0   0   0   1   0   0   0   2   3   2   3   3   1   4   2   6   6   7   8  10  14  14  13  12  16  17  15  19  22  23  25  26  27  33  31  36  38  42  43  43  41  44  43  44  45  43  43  43  41  36  31  31  32  27  26  23  21  21  17  16  16  15  13  13  13  11   9   9   9   8   9   7   4   3   3   2   3   0   1   1   2   0   0   0   0   0   0   0   0   0   0   0   0 
  0   0   0   0   0   0   0   0   0   0   0   0   0   1   0   2   1   4   3   4   4   5   6   4   9   9  12  13  13  11  14  13  17  18  20  22  25  26  28  28  31  31  31  34  33  34  41  40  44  42  40  42  39  39  38  40  35  33  31  31  28  24  23  20  19  17  16  14  15  12  11  13  12   9  10   8   7   5   7   5   4   4   3   2   1   2   1   2   1   0   0   0   0   0   0   0   0   0   0   0 
  0   0   0   0   0   0   0   0   0   0   2   1   2   2   4   3   5   4   4   2   4   4   5   6   9  10   8  11  11  11  13  13  15  17  17  20  22  23  27  26  31  30  32  31  33  32  33  34  39  39  35  38  36  38  37  33  32  29  32  30  26  22  22  22  18  16  18  17  13  13  11   9   9  10   9   5   7   8   5   4   4   3   3   2   2   0   2   2   1   1   0   0   0   0   0   0   0   0   0   0 
  0   0   0   0   0   0   0   0   0   1   3   1   1   3   1   2   2   3   4   4   5   5   6   7   7   8   8  10  11   8  11  14  17  16  17  19  20  21  25  27  26  29  28  31  31  28  32  32  31  36  36  34  35  34  30  31  30  27  30  26  24  23  22  19  19  16  16  13  12  11   9   9  10   9   9   6   5   5   6   5   5   5   2   2   1   0   0   2   0   0   0   0   0   0   0   0   0   0   0   0 
  0   0   0   0   0   0   0   0   0   1   1   3   4   4   5   3   3   5   4   5   5   5   7   7   7   8   7  10   8   9  10  14  16  18  20  19  20  21  25  27  26  28  26  27  25  25  28  28  33  29  30  33  26  30  29  28  22  24  23  25  24  23  20  19  19  16  12  11   9   6   9   8   8  10   7   8   7   6   6   4   2   4   3   3   0   1   1   1   1   0   0   0   0   0   0   0   0   0   0   0 
  0   0   0   0   0   0   0   0   0   0   0   0   2   4   5   3   3   4   4   3   4   4   6   5   8   8   8   9   9   9   9  13  15  13  20  19  18  22  22  23  24  20  23  26  25  26  27  25  24  27  29  29  29  28  27  25  24  23  21  23  23  20  19  16  15  14   7   8   8   8   9   9   9   8   6   7   7   7   5   4   2   4   3   0   2   0   1   1   0   0   0   0   0   0   0   0   0   0   0   0 
  0   0   0   0   0   0   0   0   0   0   0   0   2   0   3   4   4   4   4   3   3   5   4   6   8   7   8   8   9   8   9  13  14  15  17  16  18  23  23  23  24  22  25  24  26  26  24  25  25  26  26  26  27  28  26  26  24  22  21  21  18  19  19  14  16  14  11  10   7   8   9  10   7   6   6   4   5   2   3   4   5   3   3   3   0   1   0   0   0   0   0   0   0   0   0   0   0   0   0   0 
  0   0   0   0   0   0   0   0   0   0   0   0   1   1   1   3   2   4   5   4   3   4   5   5   7   8   5   7   8   7   9  12  12  14  16  17  16  16  20  18  21  22  23  23  23  25  25  26  24  24  26  25  24  23  23  25  20  18  21  20  18  19  15  14  14  14  12   7   5   6   8   7   5   7   6   3   4   2   2   2   2   3   5   1   2   1   0   0   0   0   0   0   0   0   0   0   0   0   0   0 
  0   0   0   0   0   0   0   0   0   0   0   2   1   1   3   2   3   5   3   3   1   3   4   4   7   7   7   8   7   7  10  11  10  12  15  13  17  15  18  20  20  22  23  24  23  21  23  24  22  19  23  23  22  22  22  21  20  16  15  19  18  16  14  14  13  10   9   6   6   8   6   7   6   5   5   3   3   4   3   3   3   2   4   3   2   2   0   0   0   0   0   0   0   0   0   0   0   0   0   0 
  0   0   0   0   0   0   0   0   0   0   1   1   2   3   2   2   4   2   2   2   3   3   2   5   5   6   5   6   8   9   9  11  12  14  14  14  16  17  17  18  17  21  22  21  23  23  22  23  21  19  20  21  20  20  21  22  16  15  15  18  17  15  15  15  13   9  10   9   7   8   7   5   6   4   3   4   3   4   2   3   3   2   2   3   2   1   0   0   0   0   0   0   0   0   0   0   0   0   0   0 
  0   0   0   0   0   0   0   0   1   1   1   1   0   3   3   3   4   2   3   4   1   4   1   5   2   5   7   7   8   6  10  11  12  11  14  15  15  16  16  19  17  17  17  17  19  21  20  19  21  20  18  20  20  19  20  17  15  16  14  16  16  15  16  11   8   7   7   9   9   6   5   5   3   3   3   4   1   4   5   3   2   2   2   1   0   0   1   0   0   0   0   0   0   0   0   0   0   0   0   0 
  0   0   0   0   0   0   0   0   0   1   1   1   0   1   2   2   1   2   4   3   3   3   4   5   4   7   8   7   8   9   7  10  11  12  14  13  15  12  14  16  14  18  18  15  17  19  17  19  18  17  16  15  16  18  19  15  16  16  15  15  14  14  13  10   9   8   8  10   8   7   5   5   4   3   2   2   3   2   4   3   1   2   3   3   1   2   1   0   0   0   0   0   0   0   0   0   0   0   0   0 
  0   0   0   0   0   0   0   0   0   0   1   0   2   3   2   3   1   4   3   0   3   3   3   4   6   5   6   7   8   8   6   9  10  10  12  13  14  12  14  13  14  14  15  15  14  15  13  16  15  14  15  15  17  18  18  16  15  13  11  12  11  13  13  11  11   8   9   9   8   3   7   6   5   3   2   3   2   5   2   0   1   4   3   3   3   2   2   1   0   0   0   0   0   0   0   0   0   0   0   0 
  0   0   0   0   0   0   0   0   0   1   0   0   0   2   3   2   2   2   2   2   2   3   4   4   5   9   8   6   8   8   9  10  11  11  10  10  12  10  13  14  12  11  14  12  13  15  14  15  16  15  14  10  15  17  16  16   9  13  10   9  12  11  11  12  13   7   8   9   3   8   7   8   6   3   1   3   4   3   2   2   4   4   4   2   4   3   3   0   0   0   0   0   0   0   0   0   0   0   0   0 
  0   0   0   0   0   0   0   0   0   0   0   0   0   0   0   0   1   0   0   0   1   3   3   4   5  10   9   5   7   8   7   7   7  10   9  10   9  12  12  13  12  11   9  11  10  12  13  13  11  10  11  13  14  15  15  11  12  10   9  10   9   8   9  10   5   7   6   6   8   6   7   5   5   3   4   2   2   3   2   0   0   4   1   3   1   3   1   0   0   0   0   0   0   0   0   0   0   0   0   0 
  0   0   0   0   0   0   0   0   0   0   0   0   0   0   0   0   0   1   0   0   0   0   2   0   2   4   6   6   5   5   7   7   6   4   7  10  11  11   8   9   7  10   8  10   7  11   7  12  12  13  12  13  13  14  13  13  11  10   8   9   8   9   9   7   7   6   6   5   5   5   7   7   6   4   3   2   2   2   1   0   0   0   0   2   3   2   2   0   0   0   0   0   0   0   0   0   0   0   0   0 
  0   0   0   0   0   0   0   0   0   0   0   0   0   0   0   0   1   1   0   0   0   0   0   0   0   1   2   4   7   6   5   7   6   7   5   8  10   7   8   9   9   9   9   9  10   9   9   9  10  12  12  12  11   9  11  10   9  10   9   6   7   9   6   7   9   8   6   4   5   3   3   6   6   3   4   2   2   1   1   1   0   0   1   2   0   1   0   0   0   0   0   0   0   0   0   0   0   0   0   0 
  0   0   0   0   0   0   0   0   0   0   0   0   0   0   0   0   0   0   0   0   0   0   0   0   0   0   4   5   6   6   4   4   5   3   7   7   7   3   5   8   9  10   8   8   8   9   8  11   8   9  10   9   7  10  10  10   9  10   9   4   7   8   8   6   5   7   5   2   4   0   4   6   1   3   2   1   0   0   2   0   0   0   0   0   0   0   0   0   0   0   0   0   0   0   0   0   0   0   0   0 
  0   0   0   0   0   0   0   0   0   0   0   0   0   0   0   0   0   0   0   0   0   0   0   0   1   4   4   2   3   2   4   4   5   5   3   6   6   6   7   7   9  10   9   9   8   6  10   7  10   8   8  10   7   8   9   8   7   7   5   6   2   6   5   6   6   6   4   3   3   3   4   5   2   3   3   2   2   0   0   0   0   0   0   0   0   0   0   0   0   0   0   0   0   0   0   0   0   0   0   0 
  0   0   0   0   0   0   0   0   0   0   0   0   0   0   0   0   0   0   0   0   2   0   1   1   4   3   2   0   3   5   4   5   5   4   4   5   4   6   5   5   8   8  10   8   9   7   8   9   8   7   7   6   4   7   7   6   7   7   6   6   7   6   6   4   5   5   4   3   3   2   4   3   2   1   3   3   3   3   0   0   0   0   0   0   0   0   0   0   0   0   0   0   0   0   0   0   0   0   0   0 
  0   0   0   0   0   0   0   0   0   0   0   0   0   0   0   0   0   0   0   0   3   2   2   1   1   3   2   1   2   4   4   6   3   2   5   2   5   6   6   8   8   7   8  10   9   7   7   7   6   7   4   7   4   6   4   7   6   7   6   7   8   5   4   6   4   3   2   3   4   1   4   2   0   1   2   2   1   2   0   0   0   0   0   0   0   0   0   0   0   0   0   0   0   0   0   0   0   0   0   0 
  0   0   0   0   0   0   0   0   0   0   0   0   0   0   0   0   0   0   0   3   2   0   2   3   3   3   2   2   2   4   4   3   1   3   3   5   2   4   7   5   9   9   7  10   7   8   6   7   5   0   4   5   4   4   5   7   8   7   7   7   5   7   6   4   5   3   3   3   3   4   3   2   1   1   2   1   0   0   0   0   0   0   0   0   0   0   0   0   0   0   0   0   0   0   0   0   0   0   0   0 
  0   0   0   0   0   0   0   0   0   0   0   0   0   0   0   0   0   0   1   1   2   0   0   1   0   2   2   1   3   1   4   2   3   1   3   3   3   5   6   6   6   7   8   6   8   8   8   4   5   3   0   4   4   4   5   8   8   6   7   8   7   6   4   3   3   2   0   2   0   2   1   2   0   0   0   0   0   0   0   0   0   0   0   0   0   0   0   0   0   0   0   0   0   0   0   0   0   0   0   0 
  0   0   0   0   0   0   0   0   0   0   0   0   0   0   0   0   0   0   1   0   1   1   0   0   1   1   0   0   2   3   3   4   3   3   3   3   3   4   1   4   5   7   7   8   5   8   6   4   5   3   4   3   4   3   7   6   6   5   4   7   5   5   4   5   2   3   3   0   1   0   1   1   0   1   0   0   0   0   0   0   0   0   0   0   0   0   0   0   0   0   0   0   0   0   0   0   0   0   0   0 
  0   0   0   0   0   0   0   0   0   0   0   0   0   0   0   0   0   0   0   0   0   0   1   1   1   1   1   2   0   2   1   2   3   2   4   2   1   2   0   0   5   5   6   6   4   5   7   3   5   5   4   4   4   1   2   7   5   5   5   4   4   4   5   2   4   5   3   1   0   0   0   1   1   1   0   0   0   0   0   0   0   0   0   0   0   0   0   0   0   0   0   0   0   0   0   0   0   0   0   0 
  0   0   0   0   0   0   0   0   0   0   0   0   0   0   0   0   0   0   0   0   0   0   0   0   0   0   0   0   1   2   1   3   3   2   1   1   3   1   0   0   4   3   3   3   4   7   7   6   5   4   3   4   4   2   2   4   5   4   3   3   0   0   3   2   1   4   4   1   0   0   0   0   1   0   0   0   0   0   0   0   0   0   0   0   0   0   0   0   0   0   0   0   0   0   0   0   0   0   0   0 
  0   0   0   0   0   0   0   0   0   0   0   0   0   0   0   0   0   0   0   0   0   0   0   0   0   0   0   0   0   1   2   1   0   0   1   0   0   0   0   1   2   2   1   2   4   6   5   5   6   3   4   4   1   1   1   6   3   2   3   1   0   1   2   0   1   4   3   2   0   0   0   0   0   0   0   0   0   0   0   0   0   0   0   0   0   0   0   0   0   0   0   0   0   0   0   0   0   0   0   0 
  0   0   0   0   0   0   0   0   0   0   0   0   0   0   0   0   0   0   0   0   0   0   0   0   0   0   0   0   0   0   0   1   0   0   0   0   0   0   0   0   1   3   3   1   1   2   0   5   3   5   5   3   0   2   3   2   3   4   3   1   2   3   1   0   1   2   3   0   0   0   0   0   0   0   0   0   0   0   0   0   0   0   0   0   0   0   0   0   0   0   0   0   0   0   0   0   0   0   0   0 
  0   0   0   0   0   0   0   0   0   0   0   0   0   0   0   0   0   0   0   0   0   0   0   0   0   0   0   0   0   0   0   1   1   0   0   0   0   0   0   0   1   2   1   0   0   2   3   2   4   6   5   4   2   1   3   4   3   5   3   4   4   2   3   4   1   1   0   0   0   0   0   0   0   0   0   0   0   0   0   0   0   0   0   0   0   0   0   0   0   0   0   0   0   0   0   0   0   0   0   0 
  0   0   0   0   0   0   0   0   0   0   0   0   0   0   0   0   0   0   0   0   0   0   0   0   0   0   0   0   0   1   1   1   0   0   0   0   0   0   0   0   0   2   1   0   0   0   1   2   2   4   3   4   5   2   2   1   4   4   2   3   1   1   4   4   2   0   0   0   0   0   0   0   0   0   0   0   0   0   0   0   0   0   0   0   0   0   0   0   0   0   0   0   0   0   0   0   0   0   0   0 
  0   0   0   0   0   0   0   0   0   0   0   0   0   0   0   0   0   0   0   0   0   0   0   0   0   0   0   0   0   0   1   1   0   0   0   0   0   0   0   0   0   0   1   0   0   0   1   2   1   1   0   1   1   2   2   0   3   2   1   0   2   2   4   2   0   0   0   0   0   0   0   0   0   0   0   0   0   0   0   0   0   0   0   0   0   0   0   0   0   0   0   0   0   0   0   0   0   0   0   0 
  0   0   0   0   0   0   0   0   0   0   0   0   0   0   0   0   0   0   0   0   0   0   0   0   0   0   0   0   0   0   0   0   0   0   0   0   0   0   0   0   0   0   1   2   0   0   0   1   1   0   0   0   0   1   0   2   1   2   1   2   3   3   2   1   0   0   0   0   0   0   0   0   0   0   0   0   0   0   0   0   0   0   0   0   0   0   0   0   0   0   0   0   0   0   0   0   0   0   0   0 
  0   0   0   0   0   0   0   0   0   0   0   0   0   0   0   0   0   0   0   0   0   0   0   0   0   0   0   0   0   0   0   0   0   0   0   0   0   0   0   0   0   0   2   0   1   0   0   0   0   0   0   0   0   1   3   1   0   1   1   2   2   1   2   3   2   0   0   0   0   0   0   0   0   0   0   0   0   0   0   0   0   0   0   0   0   0   0   0   0   0   0   0   0   0   0   0   0   0   0   0 
  0   0   0   0   0   0   0   0   0   0   0   0   0   0   0   0   0   0   0   0   0   0   0   0   0   0   0   0   0   0   0   0   0   0   0   0   0   0   0   0   0   0   0   2   1   0   0   0   0   0   0   0   0   0   3   0   1   0   2   2   2   1   1   1   0   0   0   0   0   0   0   0   0   0   0   0   0   0   0   0   0   0   0   0   0   0   0   0   0   0   0   0   0   0   0   0   0   0   0   0 
  0   0   0   0   0   0   0   0   0   0   0   0   0   0   0   0   0   0   0   0   0   0   0   0   0   0   0   0   0   0   0   0   0   0   0   0   0   0   0   0   0   0   0   0   0   0   0   0   0   0   0   0   0   1   1   2   0   0   0   0   1   1   0   0   0   0   0   0   0   0   0   0   0   0   0   0   0   0   0   0   0   0   0   0   0   0   0   0   0   0   0   0   0   0   0   0   0   0   0   0 
  0   0   0   0   0   0   0   0   0   0   0   0   0   0   0   0   0   0   0   0   0   0   0   0   0   0   0   0   0   0   0   0   0   0   0   0   0   0   0   0   0   0   0   0   0   0   0   0   0   0   0   0   0   0   1   1   1   0   0   0   0   0   0   0   0   0   0   0   0   0   0   0   0   0   0   0   0   0   0   0   0   0   0   0   0   0   0   0   0   0   0   0   0   0   0   0   0   0   0   0 
  0   0   0   0   0   0   0   0   0   0   0   0   0   0   0   0   0   0   0   0   0   0   0   0   0   0   0   0   0   0   0   0   0   0   0   0   0   0   0   0   0   0   0   0   0   0   0   0   0   0   0   0   0   0   0   2   1   0   0   0   0   0   0   0   0   0   0   0   0   0   0   0   0   0   0   0   0   0   0   0   0   0   0   0   0   0   0   0   0   0   0   0   0   0   0   0   0   0   0   0 
  0   0   0   0   0   0   0   0   0   0   0   0   0   0   0   0   0   0   0   0   0   0   0   0   0   0   0   0   0   0   0   0   0   0   0   0   0   0   0   0   0   0   0   0   0   0   0   0   0   0   0   0   1   1   1   1   2   1   0   0   0   0   0   0   0   0   0   0   0   0   0   0   0   0   0   0   0   0   0   0   0   0   0   0   0   0   0   0   0   0   0   0   0   0   0   0   0   0   0   0 
  0   0   0   0   0   0   0   0   0   0   0   0   0   0   0   0   0   0   0   0   0   0   0   0   0   0   0   0   0   0   0   0   0   0   0   0   0   0   0   0   0   0   0   0   0   0   0   0   0   0   0   0   1   1   0   2   1   0   0   0   0   0   0   0   0   0   0   0   0   0   0   0   0   0   0   0   0   0   0   0   0   0   0   0   0   0   0   0   0   0   0   0   0   0   0   0   0   0   0   0 
  0   0   0   0   0   0   0   0   0   0   0   0   0   0   0   0   0   0   0   0   0   0   0   0   0   0   0   0   0   0   0   0   0   0   0   0   0   0   0   0   0   0   0   0   0   0   0   0   0   0   0   1   0   0   1   0   1   0   0   0   0   0   0   0   0   0   0   0   0   0   0   0   0   0   0   0   0   0   0   0   0   0   0   0   0   0   0   0   0   0   0   0   0   0   0   0   0   0   0   0 
  0   0   0   0   0   0   0   0   0   0   0   0   0   0   0   0   0   0   0   0   0   0   0   0   0   0   0   0   0   0   0   0   0   0   0   0   0   0   0   0   0   0   0   0   0   0   0   0   0   0   0   1   2   0   0   1   1   0   0   0   0   0   0   0   0   0   0   0   0   0   0   0   0   0   0   0   0   0   0   0   0   0   0   0   0   0   0   0   0   0   0   0   0   0   0   0   0   0   0   0 
  0   0   0   0   0   0   0   0   0   0   0   0   0   0   0   0   0   0   0   0   0   0   0   0   0   0   0   0   0   0   0   0   0   0   0   0   0   0   0   0   0   0   0   0   0   0   0   0   0   0   0   1   1   0   0   0   0   0   0   0   0   0   0   0   0   0   0   0   0   0   0   0   0   0   0   0   0   0   0   0   0   0   0   0   0   0   0   0   0   0   0   0   0   0   0   0   0   0   0   0 
  0   0   0   0   0   0   0   0   0   0   0   0   0   0   0   0   0   0   0   0   0   0   0   0   0   0   0   0   0   0   0   0   0   0   0   0   0   0   0   0   0   0   0   0   0   0   0   0   0   0   0   0   0   0   0   0   0   0   0   0   0   0   0   0   0   0   0   0   0   0   0   0   0   0   0   0   0   0   0   0   0   0   0   0   0   0   0   0   0   0   0   0   0   0   0   0   0   0   0   0 

Normalized Grid:
  0   0   0   0   0   0   0   0   0   0   0   0   0   0   0   0   0   0   0   0   0   0   0   0   0   0   0   0   0   0   0   0   0   0   0   0   0   0   0   0   0   0   0   0   0   0   0   0   0   0   0   0   0   0   0   0   0   0   0   0   0   0   0   0   0   0   0   0   0   0   0   0   0   0   0   0   0   0   0   0   0   0   0   0   0   0   0   0   0   0   0   0   0   0   0   0   0   0   0   0 
  0   0   0   0   0   0   0   0   0   0   0   0   0   0   0   0   0   0   0   0   0   0   0   0   0   0   0   0   0   0   0   0   0   0   0   0   0   0   0   0   0   0   0   0   0   0   0   0   0   0   0   0   0   0   0   0   0   0   0   0   0   0   0   0   0   0   0   0   0   0   0   0   0   0   0   0   0   0   0   0   0   0   0   0   0   0   0   0   0   0   0   0   0   0   0   0   0   0   0   0 
  0   0   0   0   0   0   0   0   0   0   0   0   0   0   0   0   0   0   0   0   0   0   0   0   0   0   0   0   0   0   0   0   0   0   0   0   0   0   0   0   0   0   0   0   0   0   0   0   0   0   0   0   0   0   0   0   0   0   0   0   0   0   0   0   0   0   0   0   0   0   0   0   0   0   0   0   0   0   0   0   0   0   0   0   0   0   0   0   0   0   0   0   0   0   0   0   0   0   0   0 
  0   0   0   0   0   0   0   0   0   0   0   0   0   0   0   0   0   0   0   0   0   0   0   0   0   0   0   0   0   0   0   0   0   0   0   0   0   0   0   0   0   0   0   0   0   0   0   0   0   0   0   0   0   0   0   0   0   0   0   0   0   0   0   0   0   0   0   0   0   0   0   0   0   0   0   0   0   0   0   0   0   0   0   0   0   0   0   0   0   0   0   0   0   0   0   0   0   0   0   0 
  0   0   0   0   0   0   0   0   0   0   0   0   0   0   0   0   0   0   0   0   0   0   0   0   0   0   0   0   0   0   0   0   0   0   0   0   0   0   0   0   0   0   0   0   0   0   0   0   0   0   0   0   0   0   0   0   0   0   0   0   0   0   0   0   0   0   0   0   0   0   0   0   0   0   0   0   0   0   0   0   0   0   0   0   0   0   0   0   0   0   0   0   0   0   0   0   0   0   0   0 
  0   0   0   0   0   0   0   0   0   0   0   0   0   0   0   0   0   0   0   0   0   0   0   0   0   0   0   0   0   0   0   0   0   0   0   0   0   0   0   0   0   0   0   0   0   0   0   0   0   0   0   0   0   0   0   0   0   0   0   0   0   0   0   0   0   0   0   0   0   0   0   0   0   0   0   0   0   0   0   0   0   0   0   0   0   0   0   0   0   0   0   0   0   0   0   0   0   0   0   0 
  0   0   0   0   0   0   0   0   0   0   0   0   0   0   0   0   0   0   0   0   0   0   0   0   0   0   0   0   0   0   0   0   0   0   0   0   0   0   0   0   0   0   0   0   0   0   0   0   0   0   0   0   0   0   0   0   0   0   0   0  10   5   0   0   0   0   0   0   0   0   0   0   0   0   0   0   0   0   0   0   0   0   0   0   0   0   0   0   0   0   0   0   0   0   0   0   0   0   0   0 
  0   0   0   0   0   0   0   0   0   0   0   0   0   0   0   0   0   0   0   0   0   0   0   0   0   0   0   0   0   0   0   0   0   0   0   0   0   0   0   0   0   0   0   0   0   0   0   0   0   0   0   0   0   0   0   0   0   0   0   0   5  10   0   0   0   0   0   0   0   0   0   0   0   0   0   0   0   0   0   0   0   0   0   0   0   0   0   0   0   0   0   0   0   0   0   0   0   0   0   0 
  0   0   0   0   0   0   0   0   0   0   0   0   0   0   0   0   0   0   0   0   0   0   0   0   0   0   0   0   0   0   0   0   0   0   0   0   0   0   0   0   0   0   0   0   0   0   0   0   0   0   0   0   0   0   0   0   0   0   0  10  10   5   0  10   0   0   0   0   0   0   0   0   0   0   0   0   0   0   0   0   0   0   0   0   0   0   0   0   0   0   0   0   0   0   0   0   0   0   0   0 
  0   0   0   0   0   0   0   0   0   0   0   0   0   0   0   0   0   0   0   0   0   0   0   0   0   0   0   0   0   0   0   0   0   0   0   0   0   0   0   0   0   0   0   0   0   0   0   0   0   0   0   0   0   0   0   0   0   0   5   5   5   5  10   5  10   0   0   5   5   0   0   0   0   0   0   0   0   0   0   0   0   0   0   0   0   0   0   0   0   0   0   0   0   0   0   0   0   0   0   0 
  0   0   0   0   0   0   0   0   0   0   0   0   0   0   0   0   0   0   0   0   0   0   0   0   0   0   0   0   0   0   0   0   0   0   0   0   0   0   0   0   0   0   0   0   0   0   0   0   0   0   0   5   0   0   0   0   0   0   0   5   5   5   0   5  15   5   5  10   5   0   0   0   0   0   0   0   0   0   0   0   0   0   0   0   0   0   0   0   0   0   0   0   0   0   0   0   0   0   0   0 
  0   0   0   0   0   0   0   0   0   0   0   0   0   0   0   0   0   0   0   0   0   0   0   0   0   0   0   0   0   0   0   0   0   0   0   0   0   0   0   0   0   0   0   5   5   0   0   0   0   0   5   5   0   0   0   0   0   0   0  10  10   5   5   5  10  10  10  15  10   5   0   0   0   0   0   0   0   0   0   0   0   0   0   0   0   0   0   0   0   0   0   0   0   0   0   0   0   0   0   0 
  0   0   0   0   0   0   0   0   0   0   0   0   0   0   0   0   0   0   0   0   0   0   0   0   0   0   0   0   0   0   0   0   0   0   0   0   0   0   0   0   0   0   0   0   0   5   0   0   0   0   0   5   5   0   0   5   5   5   0   0   5  15   0   5   5  10  10  15  10   5   0   0   0   0   0   0   0   0   0   0   0   0   0   0   0   0   0   0   0   0   0   0   0   0   0   0   0   0   0   0 
  0   0   0   0   0   0   0   0   0   0   0   0   0   0   0   0   0   0   0   0   0   0   0   0   0   0   0   0   0   0   0   0   0   0   0   0   0   0   0   5   0   0   0   0   0   5   5   0   0   0   0  10   5   5   0   0   0  10  10   5   5   0   5   5   0  10  10   5   5  10   0   0   0   0   0   0   0   0   0   0   0   0   0   0   0   0   0   0   0   0   0   0   0   0   0   0   0   0   0   0 
  0   0   0   0   0   0   0   0   0   0   0   0   0   0   0   0   0   0   0   0   0   0   0   0   0   0   0   0   0   0   0   0   0   0   0   0   0   0   0   5  10   0   5  10   0   5  15  15   0   0   5   5  10   0   0   0   0   5   0   0  10   0   0   5   5   5   0   0   5   0   0   0   0   0   0   0   0   0   0   0   0   0   0   0   0   0   0   0   0   0   0   0   0   0   0   0   0   0   0   0 
  0   0   0   0   0   0   0   0   0   0   0   0   0   0   0   0   0   0   0   0   0   0   0   0   0   0   0   0   0   0   0   0   0   0   0   0   0   0   0  10  10   5  10  15  10  15  15  15  15  10  10   5  10   5   5   0   0   0  10   5   5   5   0   0   5  10   0   0   0   5   0   0   0   0   0   0   0   0   0   0   0   0   0   0   0   0   0   0   0   0   0   0   0   0   0   0   0   0   0   0 
  0   0   0   0   0   0   0   0   0   0   0   0   0   0   0   0   0   0   0   0   0   0   0   0   0   0   0   0   0   0   0   0   0   0  15  10   5  10   5  10  15  10  15  10  21  15  21  10  10  10   5  15  10  10   5   5   0  10  15   5   5  10   0  10   0  10  15   5   5   5   5   0   0   5   0   0   0   0   0   0   0   0   0   0   0   0   0   0   0   0   0   0   0   0   0   0   0   0   0   0 
  0   0   0   0   0   0   0   0   0   0   0   0   0   0   0   0   0   0   0   0   0   0   0   0   0   0   0   0   0   0   0   0   5  10   5  10  10   5  21  15  15  15  10  15  10  15  21  21  21  10  26  15  10   5   5   5  10  10  15  15  10  10   5   0  10  10   5  15  15   5   0   0   0  10   5   5   0   0   0   0   0   0   0   0   0   0   0   0   0   0   0   0   0   0   0   0   0   0   0   0 
  0   0   0   0   0   0   0   0   0   0   0   0   0   0   0   0   0   0   0   0   0   0   0   0   0   0   0   0   0   0   0   0   5  10   0   5   5  15  10  15  15   5  10  10  15  15  37  26  31  26  26  10  10  10  15   5   5  10  21  10  15  15  10  10  21   0  10  10   5  21   0   0   0   0   5  10   0   0   5   5   0   0   0   0   0   0   0   0   0   0   0   0   0   0   0   0   0   0   0   0 
  0   0   0   0   0   0   0   0   0   0   0   0   0   0   0   0   0   0   0   0   0   0   0   0   0   0   5   5   5   0   5   0   0   5  10   5  10  21   5  15  15  21  10  26  26  31  21  37  37  26  26  21  21  31  26  15  21  21  21  21  21  15  15  15  21  10  31  15  15  21  10  10   0  10   0  10  10  10   0  10   0   0   0   0   0   0   0   0   0   0   0   0   0   0   0   0   0   0   0   0 
  0   0   0   0   0   0   0   0   0   0   0   0   0   0   0   0   0   0   0   0   0   5   0   0   0   0   0   5  10   0   0  10   0  15  10  15  21  10  21  10  31  26  21  31  31  37  15  31  31  37  31  26  26  26  37  37  42  47  37  21  31  31  26  10   5  26  31  26  26  10   5   5  15  10  10   5  15  10  10   5   0   0   0   0   0   0   0   0   0   0   0   0   0   0   0   0   0   0   0   0 
  0   0   0   0   0   0   0   0   0   0   0   0   0   0   0   0   0   0   0  10  10   0   0   0  10   0   5  15  10   5  21  15  10  10  15  15  10  10  26  26  31  31  31  37  42  37  42  47  42  37  37  42  31  37  31  37  37  42  42  37  37  37  15  10  21  21  31  15  26   5   5  10  15  15  15  15  15  10  10   5   0   0   0   0   0   0   0   0   0   0   0   0   0   0   0   0   0   0   0   0 
  0   0   0   0   0   0   0   0   0   0   0   0   0   0   0   0   5   0   0   0  15   0   0   0  21  10  15  15  15  15  26  26  26  26  21  21  21  31  26  26  26  37  26  42  42  47  47  47  42  42  31  37  42  42  42  37  42  31  37  42  47  26  15  26  15  26  15  26  26  10  15  15  15  21  26   5  15  15   5   0   0   0   0   0   0   0   0   0   0   0   0   0   0   0   0   0   0   0   0   0 
  0   0   0   0   0   0   0   0   0   0   0   0   0   0   0   5   5   5   5  10   0  10  10  15  10  21  21  26  21  10  26  31  31  21  26  26  21  31  31  47  47  31  26  47  58  42  42  53  47  42  42  53  42  58  42  47  53  47  47  42  42  37  26  21  31  15  26  21  10  10  15   5  15  10   0  15   5  10   5   0   0   0   0   0   0   0   0   0   0   0   0   0   0   0   0   0   0   0   0   0 
  0   0   0   0   0   0   0   0   0   0   0   0   0   0   0   0   5   0  10  21  10   0  15  10  15   5  15  31  21  21  21  21  15  31  31  37  31  31  37  47  53  37  58  53  58  53  31  53  31  47  53  69  69  53  63  53  47  31  42  53  37  15  26  21  26  21  10  15  15  10  21  10  10   0  10  10   5   5  10   5   0   0   0   0   0   0   0   0   0   0   0   0   0   0   0   0   0   0   0   0 
  0   0   0   0   0   0   0   0   0   0   0   0   0   5   0   5   0   5  21  10  21  15  10  21  21  31  26  21  37  37  31  21  26  31  31  37  37  42  47  53  47  58  53  58  53  58  58  58  58  47  53  69  74  69  53  58  53  37  58  47  42  26  31  26  31  21  26  21  15  15  10  21   0  10  10  10  10  10   5   5   0   0   0   0   0   0   0   0   0   0   0   0   0   0   0   0   0   0   0   0 
  0   0   0   0   0   0   0   0   0   0   0   0   0   0   5   0   0   5  15  21  26  15  10  21  26  37  42  37  21  31  26  26  26  31  21  42  42  47  47  58  58  69  58  47  53  58  58  58  63  69  63  74  74  74  69  42  63  63  53  47  47  37  31  42  31  31  31  15  21  15  10   5  15  15  21  10   5   0  10   0   0   0   0   0   0   0   0   0   0   0   0   0   0   0   0   0   0   0   0   0 
  0   0   0   0   0   0   0   0   0   0   0   0   0   0   0   0   0  10  21  15  21  21  21  15  26  31  37  31  31  31  26  31  31  31  53  53  47  53  63  63  58  63  69  69  69  58  63  63  69  63  74  85  74  79  58  69  79  58  69  63  63  42  37  42  31  37  37  31  26  26  21  15  15  21  21  21   5  10   0   0   0   0   0   0   0   0   5  10   5   0   0   0   0   0   0   0   0   0   0   0 
  0   0   0   0   0   0   0   0   5   0   0   0   0   0   0   0   0   5   5  21  15  10  21  21  21  31  37  31  37  31  42  37  37  37  58  47  53  42  58  63  53  37  63  63  47  69  74  79  74  74  79  85  85  95  79  85  79  74  74  63  63  58  58  31  31  31  21  37  31  21  10  15  10  15  21  15  15   5   0   0   0  10   0   0   0   0   0  10   0   0   0   0   0   0   0   0   0   0   0   0 
  0   0   0   0   0   0   0   5  10  10   5   0   0   0   0   0   0   0  15  10  15  21   0  21  26  31  42  47  42  47  37  31  53  47  47  53  42  53  63  63  58  63  58  63  69  74  79  74  90  74  85  85  90 100  95  90  79  85  69  63  69  69  58  58  47  42  31  31  42  31  26  26  10   5  10  10  21   5  10  10  10   0   5   5   5   5   0   0  10   0   5   0   0   0   0   0   0   0   0   0 
  0   0   0   0   0   0   0   0   0   5   5   0   0   0  10   5   5  10  15  15   5   5  31  31  26  42  47  47  47  42  53  37  42  53  47  53  47  63  58  58  69  74  58  69  63  85  79  90  90  95  95 100  95 100  90  95  79  79  85  74  69  63  58  53  47  37  42  37  26  42  47  37  21  15  10  15  21  21  10   5  10   0   0   0   0   0   0   5   0  10  10  10   5   0   0   0   0   0   0   0 
  0   0   0   0   0   0   0   0   0   0  10  10   5   5   0  10  10  15  15  21  10  26  26  31  37  37  42  53  53  37  47  47  53  47  53  53  53  63  58  53  74  79  63  79  85  85  85  95  95  90  95 106 100  95  90  90  79  85  90  79  63  58  69  69  58  53  47  42  37  31  37  21  31  21  15  15  15  15  15  15  15  15   5   5   0   5  10   0   0   0   5   0   0   0   0   0   0   0   0   0 
  0   0   0   0   0   0   0   0   0   0   0   5  10  10   5   5  21  21  31  26  26  21  37  26  31  42  31  53  47  47  53  47  42  47  47  58  63  69  69  69  85  74  85  90  85 100  95  85 100 116  95 100 100  90 100  85  95 106 100  85  74  74  74  79  63  63  37  42  42  42  31  37  47  37  21  21  21   5  10  15   5  10   5  10   5   0   5   0   0   0   0   0   0   0   0   0   0   0   0   0 
  0   0   0   0   0   0   0   0   0   0   0   5  10  10  15  10  21  26  26  21  26  31  31  42  31  26  53  37  31  47  58  42  58  58  63  63  69  74  79  79  90  79  95  95  90 100 116 106 127 111 127 116 116 116 111 116 106 100 100  95  79  85  74  79  69  69  58  53  31  53  37  31  42  42  26  26  10  15  21  10  10  10   5   0   0   0   0   0   0   0   0   0   0   0   0   0   0   0   0   0 
  0   0   0   0   0   0   0   0   0   0   0   0   5  10  15  10  21  21  21  15  26  26  42  31  31  37  53  53  47  42  53  58  74  69  63  69  69  85  90  95 100 100  85 100 100 106 111 127 127 127 127 132 132 116 111 116 111 100  90 106  95  95  85  69  79  74  74  69  58  58  53  58  37  42  21  26  15  15  10   5  10   5   0   0   0   0   0   0   0   0   0   0   0   0   0   0   0   0   0   0 
  0   0   0   0   0   0   0   0   0   0   0   0   0   5   0  15  26  31  26  26  26  26  21  26  26  37  42  47  53  47  74  63  79  74  63  74  79  85  95 100 106  95 111 111 100 138 143 122 127 132 143 138 127 132 122 127 116 106 100 111 106 100  90  95  79  74  85  79  58  47  63  53  42  47  37  37  26  15  10  10  10   5   0   0   0   0   0   0   0   0   0   0   0   0   0   0   0   0   0   0 
  0   0   0   0   0   0   0   0   0   0   0   0   0   5  15  10  21  21  37  21  31  31  26  21  26  47  47  47  53  58  74  74  85  95  90  74  79 100 106 100 100 111 127 100 132 143 138 143 159 138 143 148 138 132 127 138 132  79 111 116 111 106  95  85  74  74  85  74  53  58  42  47  31  26  37  31  31  21  15   5  10   0   0   0   0   0   0   0   0   0   0   0   0   0   0   0   0   0   0   0 
  0   0   0   0   0   0   0   0   0   0   0   0   0  10  15  15  10  21  21  31  31  31  26  31  21  53  47  47  58  69  69  79  90 100 106 100  90 100  95 106 111 122 127 138 143 148 138 148 154 164 154 164 159 132 143 143 154 127 116 122 122 100 106  90  85  85  79  69  53  47  42  47  37  42  31  31  31  31  26  26  15   5   5   0   0   0   0   0   0   0   0   0   0   0   0   0   0   0   0   0 
  0   0   0   0   0   0   0   0   0   0   0   5  10  10  15  10  26   5  21  21  15  37  31  26  31  31  58  53  63  58  69  90  90  85 106 100 100 100 111 100 111 122 138 132 159 148 154 154 180 175 180 175 180 170 148 159 154 154 143 138 132 106 100 100  90  85  85  58  58  58  58  53  42  42  42  42  37  21  31  37  21  10  10   0   0   0   0   0   0   0   0   0   0   0   0   0   0   0   0   0 
  0   0   0   0   0   0   0   0   0   0   0  10  15   5  15  15  10  26  21  15  21  37  31  37  31  37  31  47  63  58  79  79  90  90 100 100 106 100 111 111 116 127 138 164 164 154 164 164 170 207 196 175 201 191 175 159 159 143 154 138 127 122  90 100  95 100  69  58  47  53  53  63  63  37  31  42  31  31  31  26  21   5   0  10  10   0   0   5   0   0   0   0   0   0   0   0   0   0   0   0 
  0   0   0   0   0   0   0   0   0   0   0   0   0  15  10  21  26  21  15  31  31  37  37  26  26  37  58  53  53  69  74  85  85  90  95 106 106 106 106 132 127 148 159 170 170 170 175 191 201 196 201 201 201 191 175 154 170 164 148 154 154 154 106 116 106 100  90  79  69  63  69  63  53  47  42  42  37  26  15  15  15  15  10  15  15  10   5   5   0   0   0   0   0   0   0   0   0   0   0   0 
  0   0   0   0   0   0   0   0   0   0   0   0   0   0  15  21  26  15  21  26  37  31  37  31  31  42  47  58  58  58  79  85  90  90  90 106 111 122 127 132 138 159 170 175 180 180 207 201 212 212 207 217 212 196 180 164 170 170 159 159 164 159 143 116 106 100  95  74  79  74  63  69  63  58  47  47  26  26  21  26  10  10  10   0  15   5  10  10   0   0   5   5   0   0   0   0   0   0   0   0 
  0   0   0   0   0   0   0   0   0   0   0   0   0  10  10  10  15  21  21  31  37  26  37  42  47  47  47  53  58  69  79  85  95  90  90 106 106 122 122 132 148 164 170 191 196 201 201 212 212 191 212 207 217 217 196 191 191 175 159 164 175 154 154 127 116 106  90  79  69  79  63  58  69  63  42  37  37  21  21  26  15   5   5   5  10  10   5   5   0   5  10   5   0   5   0   0   0   0   0   0 
  0   0   0   0   0   0   0   0   0   0   0   0   0   5   5   5  10   0  15  26  26  21  42  42  53  53  47  58  58  63  79  90  90 100 106 100 111 127 132 143 170 175 180 201 196 217 217 217 223 233 212 223 228 217 212 196 180 207 201 175 175 164 159 132 122 111 106  90  90  79  79  69  69  63  42  47  26  37  31  21  10   5  10   0  10   5   5   0   5   0  10   5   5  10   0   0   0   0   0   0 
  0   0   0   0   0   0   0   0   0   0   0   0   0   5   0  15  10  10  15  26  31  31  42  42  53  26  37  58  69  85  79  85  90  85  90 116 122 132 148 148 180 180 185 201 217 217 217 212 228 233 228 217 223 233 212 212 196 201 191 175 159 164 154 143 122 116 116 100  90  85  74  69  63  58  47  37  42  31  37  21  21  10  10  10   5   0   0   5   0   5  10  10  10  10   0   0   0   0   0   0 
  0   0   0   0   0   0   0   0   0   0   0   0   0   0  10   0  21  15  15  26  31  37  47  42  37  37  53  53  58  69  79  85  95 100  90 111 116 143 148 170 170 191 185 201 212 223 217 228 249 233 244 228 233 239 239 217 207 207 185 170 170 164 154 132 127 116 106 106  95  90  79  69  63  53  47  53  58  42  10  31  10   5   5   5   0   0   0   0   0   0   0   5  15   0   0   0   0   0   0   0 
  0   0   0   0   0   0   0   0   0   0   0   0   0   0  10   5   5   0  15  15  26  42  42  37  47  42  53  53  58  74  79  90  95 116 100  95 122 138 170 159 180 191 207 217 223 217 239 244 255 255 239 239 233 233 228 223 212 201 207 196 170 148 148 122 127 106 100 106 100  95  90  74  63  53  47  47  37  47  42  26  21  10  10   0   0   0   0   0   0   0   5  10   0   0   0   0   0   0   0   0 
  0   0   0   0   0   0   0   0   0   0   0   0   0   5   5  10  10  10  15  31  31  31  42  42  37  47  53  63  69  74  79  85 106 111 116  90 127 132 164 175 185 217 212 223 228 233 239 244 239 249 244 255 239 223 228 207 196 207 207 175 175 143 148 127 127 132 106 106  85  90  85  69  53  58  58  58  47  42  31  26  26  21  10   5   5   5   5   0   0   5   5   5   5   0   5   0   0   0   0   0 
  0   0   0   0   0   0   0   0   0   0   5   0   5   0   5  10   5   5  26  21  26  37  31  42  58  53  58  53  69  74  90  95  95 116 122 122 132 122 170 170 201 217 217 233 233 239 233 233 249 249 249 255 233 244 223 212 201 207 207 185 164 159 143 143 132 122 116 106  90  79  63  74  58  53  42  53  42  47  42  37  37  15   5   0   5   5  10  10   5   5   5   0   0  10   5   0   0   0   0   0 
  0   0   0   0   0   0   0   0   0  10   5  10   0   5   5  21  15  26  10  26  31  31  37  37  53  53  58  58  53  69  63  95 106 116 116 116 138 127 143 164 201 175 233 228 233 233 228 244 244 244 244 244 249 233 233 223 207 185 196 180 170 159 154 111 132 116 100  95  85  79  74  79  63  63  53  37  42  37  37  37  42  15  10  10   0   5   0   5   5   5   5   5  15  10   0   0   0   0   0   0 
  0   0   0   0   0   0   0   0  10   5   5   0   5   5   5   5  15  10  21  26  37  21  21  31  47  53  53  63  69  69  74 100 111 111 111 122 122 138 154 170 196 196 201 207 228 228 228 244 239 244 249 244 239 228 228 239 196 207 191 191 143 154 132 132 122 122 122 100  90  79  74  79  69  63  58  47  37  31  37  42  31  10  15  15   5   0   0   0  10   5   0  15  15   0   0   0   0   0   0   0 
  0   0   0   0   0   0   0   0   0   5   0   0   5  10  10   0   5  10  10  21  26  26  26  47  42  58  58  58  63  63  90  74 106 106 100 111 122 148 159 185 201 191 201 233 233 233 239 228 239 244 244 233 244 239 239 228 201 191 201 185 159 159 132 127 122 122 122  95  79  90  69  69  74  74  69  42  47  31  37  26  26  15   5   0   0   0   0   0   0   5  15   0   5   0   0   0   0   0   0   0 
  0   0   0   0   0   0   0   0   0   0   0   0   0   5   0   0   5  10   5  21  31  26  26  31  42  53  42  58  74  85  85  95 100 111 106 111 138 138 154 175 185 175 207 223 223 233 233 228 228 233 239 239 244 228 223 228 223 207 201 175 159 143 154 122 116 122 116 106  90  74  69  63  74  69  42  31  42  31  26  21  26  26  21   0   5   0   0   0   0   0   0   5   0   0   0   0   0   0   0   0 
  0   0   0   0   0   0   0   0   0   0   0   0   0   0  10  10   5  10  15  21  21  26  21  31  37  31  53  63  63  90  74  90 106 100 111 116 122 138 159 164 180 191 207 223 233 228 233 223 212 228 233 244 255 255 233 228 217 196 196 154 159 148 154 132 111 116 111  90 100  79  58  63  53  47  42  31  31  37  26  15  26  15  21  15  10   5   0   0   0   0   0   0   0   0   0   0   0   0   0   0 
  0   0   0   0   0   0   0   0   5   5   5   0   0   0   5   5   5  15  15  26  21  15  21  26  37  37  42  58  69  79  74  90  85 106 106 100 127 132 154 143 159 180 185 228 223 228 233 228 223 223 244 228 244 228 223 217 223 191 201 159 148 154 148 127 122 111 106  90  74  79  58  58  53  47  53  47  47  31  31  31  26  21  21  10  10   0   5   0   0   0   0   0   0   0   0   0   0   0   0   0 
  0   0   0   0   0   0   0   0   5  15  10   5   0   5   5   0  10  15  10  21  21  15  26  42  47  42  53  63  69  69  79  79  85 100 116 122 127 138 143 154 164 175 191 223 217 239 228 233 233 249 244 239 244 239 228 228 228 207 180 159 154 154 138 132 138 116  90  90  79  85  53  42  47  42  37  53  47  47  37  31  21  21  15  15  15  10   0   0   0   0   0   0   0   0   0   0   0   0   0   0 
  0   0   0   0   0   0   0   0   0  15  10   0   5  10  15   5  10  21  15  15  21  26  31  31  42  42  58  47  74  63  74  90  90 100 116 111 138 127 148 159 170 175 191 196 228 233 228 228 228 233 239 233 244 233 223 217 212 207 170 164 138 127 127 132 122 116  95  90  79  74  63  53  58  53  42  47  47  31  37  21  10  21  21  15  10  10   5  10   0   0   0   0   0   0   0   0   0   0   0   0 
  0   0   0   0   0   0   0   0   0   0   5   0   0   0  10  15  10  15  15   5  21  10  31  31  37  42  53  74  74  69  63  85  90  79 100 116 122 132 138 143 175 164 191 201 223 228 228 217 233 228 233 239 228 228 228 217 191 164 164 170 143 138 122 111 111  90  85  85  79  69  69  69  58  47  47  47  42  47  37  21  15  15  10  15   0   5   5  10   0   0   0   0   0   0   0   0   0   0   0   0 
  0   0   0   0   0   0   0   0   0   0   0   0   0   5   0  10   5  21  15  21  21  26  31  21  47  47  63  69  69  58  74  69  90  95 106 116 132 138 148 148 164 164 164 180 175 180 217 212 233 223 212 223 207 207 201 212 185 175 164 164 148 127 122 106 100  90  85  74  79  63  58  69  63  47  53  42  37  26  37  26  21  21  15  10   5  10   5  10   5   0   0   0   0   0   0   0   0   0   0   0 
  0   0   0   0   0   0   0   0   0   0  10   5  10  10  21  15  26  21  21  10  21  21  26  31  47  53  42  58  58  58  69  69  79  90  90 106 116 122 143 138 164 159 170 164 175 170 175 180 207 207 185 201 191 201 196 175 170 154 170 159 138 116 116 116  95  85  95  90  69  69  58  47  47  53  47  26  37  42  26  21  21  15  15  10  10   0  10  10   5   5   0   0   0   0   0   0   0   0   0   0 
  0   0   0   0   0   0   0   0   0   5  15   5   5  15   5  10  10  15  21  21  26  26  31  37  37  42  42  53  58  42  58  74  90  85  90 100 106 111 132 143 138 154 148 164 164 148 170 170 164 191 191 180 185 180 159 164 159 143 159 138 127 122 116 100 100  85  85  69  63  58  47  47  53  47  47  31  26  26  31  26  26  26  10  10   5   0   0  10   0   0   0   0   0   0   0   0   0   0   0   0 
  0   0   0   0   0   0   0   0   0   5   5  15  21  21  26  15  15  26  21  26  26  26  37  37  37  42  37  53  42  47  53  74  85  95 106 100 106 111 132 143 138 148 138 143 132 132 148 148 175 154 159 175 138 159 154 148 116 127 122 132 127 122 106 100 100  85  63  58  47  31  47  42  42  53  37  42  37  31  31  21  10  21  15  15   0   5   5   5   5   0   0   0   0   0   0   0   0   0   0   0 
  0   0   0   0   0   0   0   0   0   0   0   0  10  21  26  15  15  21  21  15  21  21  31  26  42  42  42  47  47  47  47  69  79  69 106 100  95 116 116 122 127 106 122 138 132 138 143 132 127 143 154 154 154 148 143 132 127 122 111 122 122 106 100  85  79  74  37  42  42  42  47  47  47  42  31  37  37  37  26  21  10  21  15   0  10   0   5   5   0   0   0   0   0   0   0   0   0   0   0   0 
  0   0   0   0   0   0   0   0   0   0   0   0  10   0  15  21  21  21  21  15  15  26  21  31  42  37  42  42  47  42  47  69  74  79  90  85  95 122 122 122 127 116 132 127 138 138 127 132 132 138 138 138 143 148 138 138 127 116 111 111  95 100 100  74  85  74  58  53  37  42  47  53  37  31  31  21  26  10  15  21  26  15  15  15   0   5   0   0   0   0   0   0   0   0   0   0   0   0   0   0 
  0   0   0   0   0   0   0   0   0   0   0   0   5   5   5  15  10  21  26  21  15  21  26  26  37  42  26  37  42  37  47  63  63  74  85  90  85  85 106  95 111 116 122 122 122 132 132 138 127 127 138 132 127 122 122 132 106  95 111 106  95 100  79  74  74  74  63  37  26  31  42  37  26  37  31  15  21  10  10  10  10  15  26   5  10   5   0   0   0   0   0   0   0   0   0   0   0   0   0   0 
  0   0   0   0   0   0   0   0   0   0   0  10   5   5  15  10  15  26  15  15   5  15  21  21  37  37  37  42  37  37  53  58  53  63  79  69  90  79  95 106 106 116 122 127 122 111 122 127 116 100 122 122 116 116 116 111 106  85  79 100  95  85  74  74  69  53  47  31  31  42  31  37  31  26  26  15  15  21  15  15  15  10  21  15  10  10   0   0   0   0   0   0   0   0   0   0   0   0   0   0 
  0   0   0   0   0   0   0   0   0   0   5   5  10  15  10  10  21  10  10  10  15  15  10  26  26  31  26  31  42  47  47  58  63  74  74  74  85  90  90  95  90 111 116 111 122 122 116 122 111 100 106 111 106 106 111 116  85  79  79  95  90  79  79  79  69  47  53  47  37  42  37  26  31  21  15  21  15  21  10  15  15  10  10  15  10   5   0   0   0   0   0   0   0   0   0   0   0   0   0   0 
  0   0   0   0   0   0   0   0   5   5   5   5   0  15  15  15  21  10  15  21   5  21   5  26  10  26  37  37  42  31  53  58  63  58  74  79  79  85  85 100  90  90  90  90 100 111 106 100 111 106  95 106 106 100 106  90  79  85  74  85  85  79  85  58  42  37  37  47  47  31  26  26  15  15  15  21   5  21  26  15  10  10  10   5   0   0   5   0   0   0   0   0   0   0   0   0   0   0   0   0 
  0   0   0   0   0   0   0   0   0   5   5   5   0   5  10  10   5  10  21  15  15  15  21  26  21  37  42  37  42  47  37  53  58  63  74  69  79  63  74  85  74  95  95  79  90 100  90 100  95  90  85  79  85  95 100  79  85  85  79  79  74  74  69  53  47  42  42  53  42  37  26  26  21  15  10  10  15  10  21  15   5  10  15  15   5  10   5   0   0   0   0   0   0   0   0   0   0   0   0   0 
  0   0   0   0   0   0   0   0   0   0   5   0  10  15  10  15   5  21  15   0  15  15  15  21  31  26  31  37  42  42  31  47  53  53  63  69  74  63  74  69  74  74  79  79  74  79  69  85  79  74  79  79  90  95  95  85  79  69  58  63  58  69  69  58  58  42  47  47  42  15  37  31  26  15  10  15  10  26  10   0   5  21  15  15  15  10  10   5   0   0   0   0   0   0   0   0   0   0   0   0 
  0   0   0   0   0   0   0   0   0   5   0   0   0  10  15  10  10  10  10  10  10  15  21  21  26  47  42  31  42  42  47  53  58  58  53  53  63  53  69  74  63  58  74  63  69  79  74  79  85  79  74  53  79  90  85  85  47  69  53  47  63  58  58  63  69  37  42  47  15  42  37  42  31  15   5  15  21  15  10  10  21  21  21  10  21  15  15   0   0   0   0   0   0   0   0   0   0   0   0   0 
  0   0   0   0   0   0   0   0   0   0   0   0   0   0   0   0   5   0   0   0   5  15  15  21  26  53  47  26  37  42  37  37  37  53  47  53  47  63  63  69  63  58  47  58  53  63  69  69  58  53  58  69  74  79  79  58  63  53  47  53  47  42  47  53  26  37  31  31  42  31  37  26  26  15  21  10  10  15  10   0   0  21   5  15   5  15   5   0   0   0   0   0   0   0   0   0   0   0   0   0 
  0   0   0   0   0   0   0   0   0   0   0   0   0   0   0   0   0   5   0   0   0   0  10   0  10  21  31  31  26  26  37  37  31  21  37  53  58  58  42  47  37  53  42  53  37  58  37  63  63  69  63  69  69  74  69  69  58  53  42  47  42  47  47  37  37  31  31  26  26  26  37  37  31  21  15  10  10  10   5   0   0   0   0  10  15  10  10   0   0   0   0   0   0   0   0   0   0   0   0   0 
  0   0   0   0   0   0   0   0   0   0   0   0   0   0   0   0   5   5   0   0   0   0   0   0   0   5  10  21  37  31  26  37  31  37  26  42  53  37  42  47  47  47  47  47  53  47  47  47  53  63  63  63  58  47  58  53  47  53  47  31  37  47  31  37  47  42  31  21  26  15  15  31  31  15  21  10  10   5   5   5   0   0   5  10   0   5   0   0   0   0   0   0   0   0   0   0   0   0   0   0 
  0   0   0   0   0   0   0   0   0   0   0   0   0   0   0   0   0   0   0   0   0   0   0   0   0   0  21  26  31  31  21  21  26  15  37  37  37  15  26  42  47  53  42  42  42  47  42  58  42  47  53  47  37  53  53  53  47  53  47  21  37  42  42  31  26  37  26  10  21   0  21  31   5  15  10   5   0   0  10   0   0   0   0   0   0   0   0   0   0   0   0   0   0   0   0   0   0   0   0   0 
  0   0   0   0   0   0   0   0   0   0   0   0   0   0   0   0   0   0   0   0   0   0   0   0   5  21  21  10  15  10  21  21  26  26  15  31  31  31  37  37  47  53  47  47  42  31  53  37  53  42  42  53  37  42  47  42  37  37  26  31  10  31  26  31  31  31  21  15  15  15  21  26  10  15  15  10  10   0   0   0   0   0   0   0   0   0   0   0   0   0   0   0   0   0   0   0   0   0   0   0 
  0   0   0   0   0   0   0   0   0   0   0   0   0   0   0   0   0   0   0   0  10   0   5   5  21  15  10   0  15  26  21  26  26  21  21  26  21  31  26  26  42  42  53  42  47  37  42  47  42  37  37  31  21  37  37  31  37  37  31  31  37  31  31  21  26  26  21  15  15  10  21  15  10   5  15  15  15  15   0   0   0   0   0   0   0   0   0   0   0   0   0   0   0   0   0   0   0   0   0   0 
  0   0   0   0   0   0   0   0   0   0   0   0   0   0   0   0   0   0   0   0  15  10  10   5   5  15  10   5  10  21  21  31  15  10  26  10  26  31  31  42  42  37  42  53  47  37  37  37  31  37  21  37  21  31  21  37  31  37  31  37  42  26  21  31  21  15  10  15  21   5  21  10   0   5  10  10   5  10   0   0   0   0   0   0   0   0   0   0   0   0   0   0   0   0   0   0   0   0   0   0 
  0   0   0   0   0   0   0   0   0   0   0   0   0   0   0   0   0   0   0  15  10   0  10  15  15  15  10  10  10  21  21  15   5  15  15  26  10  21  37  26  47  47  37  53  37  42  31  37  26   0  21  26  21  21  26  37  42  37  37  37  26  37  31  21  26  15  15  15  15  21  15  10   5   5  10   5   0   0   0   0   0   0   0   0   0   0   0   0   0   0   0   0   0   0   0   0   0   0   0   0 
  0   0   0   0   0   0   0   0   0   0   0   0   0   0   0   0   0   0   5   5  10   0   0   5   0  10  10   5  15   5  21  10  15   5  15  15  15  26  31  31  31  37  42  31  42  42  42  21  26  15   0  21  21  21  26  42  42  31  37  42  37  31  21  15  15  10   0  10   0  10   5  10   0   0   0   0   0   0   0   0   0   0   0   0   0   0   0   0   0   0   0   0   0   0   0   0   0   0   0   0 
  0   0   0   0   0   0   0   0   0   0   0   0   0   0   0   0   0   0   5   0   5   5   0   0   5   5   0   0  10  15  15  21  15  15  15  15  15  21   5  21  26  37  37  42  26  42  31  21  26  15  21  15  21  15  37  31  31  26  21  37  26  26  21  26  10  15  15   0   5   0   5   5   0   5   0   0   0   0   0   0   0   0   0   0   0   0   0   0   0   0   0   0   0   0   0   0   0   0   0   0 
  0   0   0   0   0   0   0   0   0   0   0   0   0   0   0   0   0   0   0   0   0   0   5   5   5   5   5  10   0  10   5  10  15  10  21  10   5  10   0   0  26  26  31  31  21  26  37  15  26  26  21  21  21   5  10  37  26  26  26  21  21  21  26  10  21  26  15   5   0   0   0   5   5   5   0   0   0   0   0   0   0   0   0   0   0   0   0   0   0   0   0   0   0   0   0   0   0   0   0   0 
  0   0   0   0   0   0   0   0   0   0   0   0   0   0   0   0   0   0   0   0   0   0   0   0   0   0   0   0   5  10   5  15  15  10   5   5  15   5   0   0  21  15  15  15  21  37  37  31  26  21  15  21  21  10  10  21  26  21  15  15   0   0  15  10   5  21  21   5   0   0   0   0   5   0   0   0   0   0   0   0   0   0   0   0   0   0   0   0   0   0   0   0   0   0   0   0   0   0   0   0 
  0   0   0   0   0   0   0   0   0   0   0   0   0   0   0   0   0   0   0   0   0   0   0   0   0   0   0   0   0   5  10   5   0   0   5   0   0   0   0   5  10  10   5  10  21  31  26  26  31  15  21  21   5   5   5  31  15  10  15   5   0   5  10   0   5  21  15  10   0   0   0   0   0   0   0   0   0   0   0   0   0   0   0   0   0   0   0   0   0   0   0   0   0   0   0   0   0   0   0   0 
  0   0   0   0   0   0   0   0   0   0   0   0   0   0   0   0   0   0   0   0   0   0   0   0   0   0   0   0   0   0   0   5   0   0   0   0   0   0   0   0   5  15  15   5   5  10   0  26  15  26  26  15   0  10  15  10  15  21  15   5  10  15   5   0   5  10  15   0   0   0   0   0   0   0   0   0   0   0   0   0   0   0   0   0   0   0   0   0   0   0   0   0   0   0   0   0   0   0   0   0 
  0   0   0   0   0   0   0   0   0   0   0   0   0   0   0   0   0   0   0   0   0   0   0   0   0   0   0   0   0   0   0   5   5   0   0   0   0   0   0   0   5  10   5   0   0  10  15  10  21  31  26  21  10   5  15  21  15  26  15  21  21  10  15  21   5   5   0   0   0   0   0   0   0   0   0   0   0   0   0   0   0   0   0   0   0   0   0   0   0   0   0   0   0   0   0   0   0   0   0   0 
  0   0   0   0   0   0   0   0   0   0   0   0   0   0   0   0   0   0   0   0   0   0   0   0   0   0   0   0   0   5   5   5   0   0   0   0   0   0   0   0   0  10   5   0   0   0   5  10  10  21  15  21  26  10  10   5  21  21  10  15   5   5  21  21  10   0   0   0   0   0   0   0   0   0   0   0   0   0   0   0   0   0   0   0   0   0   0   0   0   0   0   0   0   0   0   0   0   0   0   0 
  0   0   0   0   0   0   0   0   0   0   0   0   0   0   0   0   0   0   0   0   0   0   0   0   0   0   0   0   0   0   5   5   0   0   0   0   0   0   0   0   0   0   5   0   0   0   5  10   5   5   0   5   5  10  10   0  15  10   5   0  10  10  21  10   0   0   0   0   0   0   0   0   0   0   0   0   0   0   0   0   0   0   0   0   0   0   0   0   0   0   0   0   0   0   0   0   0   0   0   0 
  0   0   0   0   0   0   0   0   0   0   0   0   0   0   0   0   0   0   0   0   0   0   0   0   0   0   0   0   0   0   0   0   0   0   0   0   0   0   0   0   0   0   5  10   0   0   0   5   5   0   0   0   0   5   0  10   5  10   5  10  15  15  10   5   0   0   0   0   0   0   0   0   0   0   0   0   0   0   0   0   0   0   0   0   0   0   0   0   0   0   0   0   0   0   0   0   0   0   0   0 
  0   0   0   0   0   0   0   0   0   0   0   0   0   0   0   0   0   0   0   0   0   0   0   0   0   0   0   0   0   0   0   0   0   0   0   0   0   0   0   0   0   0  10   0   5   0   0   0   0   0   0   0   0   5  15   5   0   5   5  10  10   5  10  15  10   0   0   0   0   0   0   0   0   0   0   0   0   0   0   0   0   0   0   0   0   0   0   0   0   0   0   0   0   0   0   0   0   0   0   0 
  0   0   0   0   0   0   0   0   0   0   0   0   0   0   0   0   0   0   0   0   0   0   0   0   0   0   0   0   0   0   0   0   0   0   0   0   0   0   0   0   0   0   0  10   5   0   0   0   0   0   0   0   0   0  15   0   5   0  10  10  10   5   5   5   0   0   0   0   0   0   0   0   0   0   0   0   0   0   0   0   0   0   0   0   0   0   0   0   0   0   0   0   0   0   0   0   0   0   0   0 
  0   0   0   0   0   0   0   0   0   0   0   0   0   0   0   0   0   0   0   0   0   0   0   0   0   0   0   0   0   0   0   0   0   0   0   0   0   0   0   0   0   0   0   0   0   0   0   0   0   0   0   0   0   5   5  10   0   0   0   0   5   5   0   0   0   0   0   0   0   0   0   0   0   0   0   0   0   0   0   0   0   0   0   0   0   0   0   0   0   0   0   0   0   0   0   0   0   0   0   0 
  0   0   0   0   0   0   0   0   0   0   0   0   0   0   0   0   0   0   0   0   0   0   0   0   0   0   0   0   0   0   0   0   0   0   0   0   0   0   0   0   0   0   0   0   0   0   0   0   0   0   0   0   0   0   5   5   5   0   0   0   0   0   0   0   0   0   0   0   0   0   0   0   0   0   0   0   0   0   0   0   0   0   0   0   0   0   0   0   0   0   0   0   0   0   0   0   0   0   0   0 
  0   0   0   0   0   0   0   0   0   0   0   0   0   0   0   0   0   0   0   0   0   0   0   0   0   0   0   0   0   0   0   0   0   0   0   0   0   0   0   0   0   0   0   0   0   0   0   0   0   0   0   0   0   0   0  10   5   0   0   0   0   0   0   0   0   0   0   0   0   0   0   0   0   0   0   0   0   0   0   0   0   0   0   0   0   0   0   0   0   0   0   0   0   0   0   0   0   0   0   0 
  0   0   0   0   0   0   0   0   0   0   0   0   0   0   0   0   0   0   0   0   0   0   0   0   0   0   0   0   0   0   0   0   0   0   0   0   0   0   0   0   0   0   0   0   0   0   0   0   0   0   0   0   5   5   5   5  10   5   0   0   0   0   0   0   0   0   0   0   0   0   0   0   0   0   0   0   0   0   0   0   0   0   0   0   0   0   0   0   0   0   0   0   0   0   0   0   0   0   0   0 
  0   0   0   0   0   0   0   0   0   0   0   0   0   0   0   0   0   0   0   0   0   0   0   0   0   0   0   0   0   0   0   0   0   0   0   0   0   0   0   0   0   0   0   0   0   0   0   0   0   0   0   0   5   5   0  10   5   0   0   0   0   0   0   0   0   0   0   0   0   0   0   0   0   0   0   0   0   0   0   0   0   0   0   0   0   0   0   0   0   0   0   0   0   0   0   0   0   0   0   0 
  0   0   0   0   0   0   0   0   0   0   0   0   0   0   0   0   0   0   0   0   0   0   0   0   0   0   0   0   0   0   0   0   0   0   0   0   0   0   0   0   0   0   0   0   0   0   0   0   0   0   0   5   0   0   5   0   5   0   0   0   0   0   0   0   0   0   0   0   0   0   0   0   0   0   0   0   0   0   0   0   0   0   0   0   0   0   0   0   0   0   0   0   0   0   0   0   0   0   0   0 
  0   0   0   0   0   0   0   0   0   0   0   0   0   0   0   0   0   0   0   0   0   0   0   0   0   0   0   0   0   0   0   0   0   0   0   0   0   0   0   0   0   0   0   0   0   0   0   0   0   0   0   5  10   0   0   5   5   0   0   0   0   0   0   0   0   0   0   0   0   0   0   0   0   0   0   0   0   0   0   0   0   0   0   0   0   0   0   0   0   0   0   0   0   0   0   0   0   0   0   0 
  0   0   0   0   0   0   0   0   0   0   0   0   0   0   0   0   0   0   0   0   0   0   0   0   0   0   0   0   0   0   0   0   0   0   0   0   0   0   0   0   0   0   0   0   0   0   0   0   0   0   0   5   5   0   0   0   0   0   0   0   0   0   0   0   0   0   0   0   0   0   0   0   0   0   0   0   0   0   0   0   0   0   0   0   0   0   0   0   0   0   0   0   0   0   0   0   0   0   0   0 
  0   0   0   0   0   0   0   0   0   0   0   0   0   0   0   0   0   0   0   0   0   0   0   0   0   0   0   0   0   0   0   0   0   0   0   0   0   0   0   0   0   0   0   0   0   0   0   0   0   0   0   0   0   0   0   0   0   0   0   0   0   0   0   0   0   0   0   0   0   0   0   0   0   0   0   0   0   0   0   0   0   0   0   0   0   0   0   0   0   0   0   0   0   0   0   0   0   0   0   0 

Polished Island:
####################################################################################################
####################################################################################################
####################################################################################################
####################################################################################################
####################################################################################################
####################################################################################################
####################################################################################################
####################################################################################################
####################################################################################################
####################################################################################################
####################################################################################################
####################################################################################################
####################################################################################################
####################################################################################################
####################################################################################################
####################################################################################################
####################################################################################################
####################################################################################################
####################################################################################################
####################################################################################################
########################################################~~##########################################
############################################~#~~~##~#####~~#########################################
###########################################~~~~~~~##~~~#~##~~#######################################
#######################################~~##~~~~~~~~~~~~~~~~~~#######################################
#######################################~~#~~~~#~#~~~~~~~~#~~########################################
#####################################~~~~~~~~~~~~~~~~~~~~#~~~#######################################
##########################~########~~~~~~~~~~~~~~~~~~~~~~~~~~##~####################################
##################################~~~~~~~~~~~~~~~~~.~.~~.~~~~~#~####################################
##############################~###~~~~~~~#~~~~~.~~.......~~~~~~#####################################
##########################~~~~##~~~~~~~~~~~~~~.~.~........~~~~~~~~##~###############################
#########################~~~~~~#~~~~~~~~~~~~~..............~~~~~~#~##~~#############################
##########################~~~#~~~~~~~~~~~.~........-........~~~~~~~~################################
#########################~#~~~~~~~~~~~~~.~.......-.......-..~~~.~~#~~~##~###########################
#######################~##~##~~~~~~~~~........-----------.....~.~~~~#~##~~##########################
######################~###~~~~~~~~~~~........------------..-...~.~~~~~~~#~##########################
##########################~~~~~~.~~~....-.--.-------------.--....~..~~~~~~##########################
#########################~~~~~~~...~..-..--.----*--*-----.----..~~.~~~~~############################
#########################~~~~~~...-....------*-******---*----.-....~~~~~#~##########################
##########################~~~~~...-...-.----**************----.....~~~~~~~~~########################
###########################~~~......-.-----**************-*---....~~~~~~~##~########################
##########################~~~~~....------*********************---...~~~~~~~~########################
#########################~~~~~.....------*********************---..~.~~~~~~~########################
#######################~~~~~~~.....-----***********************---..~.~~~~~#########################
######################~~~~~~~~....-.----********^^*^^**********----....~~~~~########################
######################~~~##~~......---**********^^^*^^*********----...~~~~~#~#######################
######################~~##~~~~.....---*******^*^^^^^^^^********-----...~~~~~~~######################
#####################~~#~~~~~~...-..--******^*^^^^^^^^^^*******---.-...~~~~~#~~#####################
######################~~#~~~~~..---.--*****^^^^^^^^^^^^******-*-----...~~~~~~~######################
#######################~~~~~~~...-----*****^^^^^^^^^^^^*******------..~~~~~~~~~#####################
########################~~~~~~~.-------***^^^^^^^^^^^^^^*******---....~.~~~#~###~###################
########################~~~~~~~.------******^^^^^^^^^^^^****-*-----...~.~~~~###~####################
#######################~~~~~~~.~--.--******^^^^^^^^^^^^^******-----...~~~~~~~#######################
########################~~~~~....-----*****^^^^^^^^^^^^^^****-*-----.~~~~~~#~#######################
##########################~~~.~.-.----*****^^^^^*^^^^^^^*******----...~~~~~#########################
##########################~~~.~..--.--*-***^^^^^^^^^^^^*^******----.~.~~~~~~~#######################
#######################~~~~~~~....-----****^*^^^^^^^^^^^^*****----....~~~~#~~~######################
########################~~~~~~~...----******^^^^^^^^^^^*****------...~~~~~~~~#######################
#########################~~~~~~....-----****^^^*^^^^^^^*****-----....~~~~~~~~~######################
########################~~~~~~~~..----**********^^*^*********---...~.~~~~~~~########################
########################~~~~~~~~...-----********************----....~~~~~~~##~######################
#########################~~~~~~~....-----****************-*----....~~~~~~~~#########################
#########################~#~~~~~..-.-----*----******-***-------...~~~#~~~~#~########################
########################~~~~~~~~.~-..-------------****--------...~#~~~~~~~##########################
########################~#~~~~~~~....----------------*------...~.~~~#~~~############################
#########################~##~#~~~~....-.-----------------.--...~~~~###~#############################
###########################~##~~~~.~...----------.-------.....~~~~~##~##############################
############################~~~~~~~~.....--------.------........~~~~#~##############################
############################~#~~~~~..........--.--.--.-...~....~~##~~###############################
##########################~#~~#~~~~~.~~.~...................~~~~~~~~~###############################
############################~~#~~~~~~~~~~~..~.~..~.......~~~~~~~~~~~~###############################
#########################~~#~~~~~~~~~~~~~~~~~.~...~~....~~~~~~~~~#~~#~#~############################
#########################~~##~###~~~~~~~~~~~~~~~~~~~~..~~~~~~~~~####~###############################
###################################~~~~~#~~~#~#~~~~~~~~~~~~~~~~#####################################
###################################~~#~~~~~~~~~~~~~~~~~~~~~##~##~~##################################
#######################################~~~~~~~~~~~~~#~~~~~~##~~#####################################
########################################~~~~~#~#~~~~#~~~############################################
########################################~~~~~#~~~###################################################
#######################################~~#~~~###############~#######################################
########################################~~#~#~##########~###########################################
##########################################~#~~~########~~##~########################################
###########################################~#~######################################################
####################################################################################################
####################################################################################################
####################################################################################################
####################################################################################################
####################################################################################################
####################################################################################################
####################################################################################################
####################################################################################################
####################################################################################################
####################################################################################################
####################################################################################################
####################################################################################################
####################################################################################################
####################################################################################################
####################################################################################################
####################################################################################################
####################################################################################################
####################################################################################################
####################################################################################################
