Raw Grid:
  3   3   4   3   4   4   4   2   2   3   3   3   2   1   0   0   0   0   2   2   3   4   2   2   2   1   2   5   3   0   1   1   1   2   1   0   0   0   0   0   2   3   5   4   4   4   2   3   4   2   4   3   0   3   4   4   0   2   0   1   2   4   3   1   1   1   1   0   0   0   0   0   1   2   2   1   4   2   3   2   3   5   4   2   4   0   0   0   0   0   0   0   2   3   4   2   3   2   3   3 
  2   4   5   5   4   4   4   5   3   2   2   2   1   0   1   1   0   1   2   2   2   4   4   3   4   2   1   4   4   3   2   1   2   0   3   2   2   0   3   2   2   3   5   4   4   6   5   4   2   5   4   5   4   4   4   5   3   0   2   3   3   4   3   3   2   2   2   0   1   0   0   0   2   2   2   3   4   5   4   5   5   4   5   4   3   2   0   0   0   0   0   1   2   3   2   4   3   5   5   2 
  4   5   4   3   3   3   6   5   1   2   2   1   0   0   2   0   2   2   3   1   2   3   3   2   3   4   3   5   4   3   4   3   2   3   2   1   3   5   4   2   1   2   1   4   5   3   4   4   3   4   4   3   3   2   4   4   4   1   1   4   6   4   4   4   2   3   2   1   2   3   0   0   2   2   2   2   3   4   4   5   3   4   4   5   5   0   0   0   0   0   0   2   2   3   3   3   3   4   3   3 
  4   5   4   4   2   1   2   3   4   2   2   1   0   0   0   2   1   2   4   5   5   5   5   3   5   5   4   4   5   3   4   4   5   4   3   3   2   2   4   2   2   3   3   4   4   5   3   4   6   3   3   4   2   3   3   4   3   3   3   3   5   6   3   3   2   2   4   4   3   4   0   3   3   0   1   1   1   2   2   4   5   3   3   4   4   4   2   0   0   0   2   2   3   3   4   4   4   3   1   1 
  3   4   3   3   3   1   2   3   4   2   1   1   1   0   0   1   2   0   1   5   4   4   5   5   3   3   4   3   3   5   4   4   6   5   4   3   4   5   3   2   1   2   3   3   5   4   6   5   4   4   3   4   2   3   5   5   4   2   3   5   5   3   2   2   2   4   2   2   4   4   4   2   4   1   0   3   4   2   3   1   4   4   4   4   3   4   2   1   1   0   1   2   1   2   1   5   2   3   2   1 
  3   2   0   3   2   0   1   3   3   3   3   2   2   2   2   3   3   4   3   3   5   4   4   1   4   0   2   4   4   4   2   3   5   7   2   4   4   4   4   1   1   2   3   3   3   1   5   4   4   3   2   4   3   2   2   4   4   4   3   2   3   1   4   2   3   2   2   2   4   3   2   5   4   0   0   0   3   4   3   4   4   4   1   2   4   2   1   0   2   1   1   2   2   2   2   2   3   3   1   2 
  1   1   0   2   1   1   2   3   4   4   1   4   3   2   2   0   4   2   3   3   4   3   3   3   3   3   4   4   5   4   3   5   6   6   4   4   5   5   5   1   3   1   3   3   4   4   5   6   4   5   4   5   5   4   5   4   5   3   3   4   3   4   2   4   2   2   3   3   4   3   3   4   1   1   0   0   4   3   4   3   4   3   1   2   1   3   1   0   1   1   1   2   3   4   3   2   2   1   0   2 
  2   2   2   0   0   1   3   3   5   4   3   3   4   2   3   3   2   4   4   3   4   4   3   3   2   3   3   5   4   5   5   6   6   2   4   2   3   2   4   4   1   3   2   5   4   4   3   6   4   2   3   5   5   5   4   5   1   4   3   4   2   3   3   0   3   2   1   4   3   3   4   4   2   0   0   3   2   3   3   5   4   2   3   1   3   0   0   2   0   1   1   2   4   1   0   1   0   0   1   1 
  3   3   0   0   1   1   5   4   5   5   4   3   3   4   4   4   4   5   4   4   4   6   4   3   4   3   5   4   3   4   4   5   4   3   1   1   1   3   2   3   3   4   2   3   5   5   4   2   5   5   4   5   6   4   6   3   5   5   4   5   4   5   1   3   3   3   2   4   2   3   4   3   3   0   0   2   3   4   3   3   4   2   3   3   2   0   1   0   1   1   2   2   1   0   0   0   0   0   0   0 
  4   5   4   0   0   3   5   5   6   4   5   3   4   4   1   4   4   3   5   3   4   5   6   6   5   5   4   5   4   4   5   4   5   3   2   0   3   0   3   4   3   3   3   1   3   6   4   6   5   6   5   4   5   6   6   5   5   4   4   4   5   2   3   2   3   2   4   3   4   3   2   5   4   3   2   3   3   4   5   2   4   2   1   3   2   2   2   1   0   2   2   2   1   0   0   0   0   0   0   0 
  3   4   1   1   0   2   4   4   2   4   4   3   2   0   2   3   2   4   4   4   3   2   6   5   4   5   4   3   6   6   5   3   4   4   0   3   2   2   2   2   4   5   3   3   4   5   7   6   5   6   7   6   6   7   7   4   3   4   5   4   2   3   3   2   4   4   3   2   3   5   4   5   3   1   3   1   2   4   3   2   3   3   2   3   3   1   3   2   1   3   2   1   0   0   0   0   0   0   0   0 
  5   4   3   1   1   3   1   2   3   2   3   2   3   1   3   3   3   4   3   5   3   3   3   5   6   4   6   6   6   5   6   4   5   4   1   3   3   0   3   4   5   3   3   4   4   5   7   7   6   6   7   6   6   6   3   2   4   6   3   4   3   2   4   4   3   5   4   3   3   4   4   3   4   4   2   2   3   4   3   3   4   1   3   2   4   2   2   1   3   2   0   1   0   0   0   0   0   0   0   0 
  1   4   2   2   1   0   3   3   2   4   3   2   4   1   2   4   4   4   3   4   4   4   2   6   4   6   4   5   5   4   6   6   6   4   3   3   3   4   3   4   6   5   5   4   4   4   6   6   8   6   4   7   7   7   5   6   5   6   6   4   3   3   3   4   5   5   4   4   4   2   3   5   4   4   4   2   3   2   4   4   5   4   4   2   4   4   0   1   2   2   1   2   0   0   0   0   0   0   0   0 
  1   2   3   0   2   1   1   3   4   3   2   2   2   3   3   4   3   3   4   5   5   3   4   3   6   5   5   6   6   7   7   5   4   2   2   4   4   4   4   7   5   6   6   6   4   5   6   8   7   7   6   5   7   7   7   6   4   5   5   7   3   2   3   5   4   5   4   3   4   5   4   4   6   5   1   3   3   3   2   3   4   1   6   5   3   3   1   1   2   3   3   0   0   0   0   0   0   0   0   0 
  2   3   2   1   3   3   2   4   3   2   2   3   2   3   0   2   4   3   4   6   4   5   5   4   5   6   6   5   5   5   6   5   4   4   5   5   5   5   6   7   7   6   6   9   5   5   5   8   9   4   7   6   6   8   7   6   2   4   6   5   5   3   3   2   4   3   4   3   4   3   3   2   4   5   3   3   3   1   2   1   2   3   2   2   1   4   3   2   0   1   3   1   2   0   0   0   0   0   0   0 
  0   0   2   2   3   3   2   4   3   4   5   3   2   1   0   1   1   3   4   4   5   6   4   4   5   6   6   4   4   5   5   4   6   4   2   5   6   6   5   6   7   7   8   7   9   5   6   7   7   8   8   7   7   8   6   5   3   3   5   4   4   3   4   6   4   1   3   2   4   5   2   2   3   3   3   0   4   2   2   3   4   3   4   2   3   4   2   1   2   2   2   3   0   0   0   1   0   0   0   0 
  1   0   2   3   3   2   4   4   5   5   4   4   3   2   1   1   2   3   1   4   3   3   5   5   4   5   5   5   3   5   4   5   8   6   5   6   7   6   6   5   6   7   7   7   7   6   6   7   8   6   8   9   8   7   8   7   7   5   5   3   5   5   6   5   6   4   3   5   2   5   3   5   5   4   5   4   4   3   3   3   2   3   3   2   2   3   3   2   1   1   1   2   2   1   1   1   2   0   1   0 
  0   2   2   1   3   4   3   2   5   3   3   5   4   2   1   0   2   2   2   4   4   1   5   5   4   5   6   4   5   5   6   6   7   8   5   6   7   7   7   6   9   7   8   6   6   6   6   8   8   9  10  10   7   9   9   9   8   6   6   6   6   6   4   6   5   7   7   4   6   4   4   5   6   6   6   5   4   4   2   2   3   4   3   3   2   4   3   2   3   2   2   2   2   1   1   0   2   2   0   1 
  1   3   1   2   2   2   2   4   5   2   4   4   3   1   0   2   1   1   2   5   5   5   5   5   4   6   6   5   6   5   6   5   7   6   7   8   6   8   6   8   5   8   7   8   7   7   7   8   8   8   9  10   8   8   8   9   9   7   6   6   7   7   6   5   6   5   5   5   7   6   5   4   5   5   5   4   5   4   0   3   4   3   4   4   4   2   4   3   1   3   2   2   2   0   1   1   2   1   1   1 
  4   3   1   3   3   3   3   4   3   5   4   4   0   1   4   4   4   6   7   4   5   4   5   5   5   2   6   7   7   6   7   5   7   7   8   8   9   8   7   8   7   7   9   8   8   8   6   9   8   9   9   9   5   8   9   8  10   7   8   5   6   6   7   6   5   6   7   7   7   8   6   5   4   3   4   4   4   3   4   4   4   3   1   3   4   2   3   3   2   0   2   3   1   1   1   1   1   2   3   0 
  2   4   2   2   3   2   4   4   6   5   3   0   3   1   4   4   4   5   5   6   5   6   6   6   4   3   6   5   7   8   7   6   7   7   6   7   8   6   8   5   8   6   8   9   6   7   8  10  10  10  11  10   7   7   9   9   8   7   7   9   7   8   5   7   6   6   9   8   6   6   5   5   5   6   5   4   2   3   3   5   5   3   2   4   4   4   2   1   2   3   2   2   0   3   3   1   3   2   2   0 
  1   2   2   3   4   5   4   3   4   6   2   3   2   3   4   4   5   6   7   4   7   7   7   4   4   5   5   5   8   6   8   8   5   8   8   8   9   8   7   7   7   7   9   6   7  10  11  13  13  12  10   8  10  10   9  10   8   6   8   9   8   6   6   7   8  10   9   9   7   6   7   5   6   7   5   6   6   4   4   4   4   3   2   4   3   3   2   1   3   3   3   2   1   2   2   3   3   1   0   1 
  0   0   1   3   4   5   4   4   2   5   3   2   1   4   5   4   5   4   3   7   8   8   7   5   2   4   4   4   6   7   8   8   7   7   9  10  10   7   6   8   8   7   7   8   9  10  11  12  13  12  12  11  11  10  11  10   9  10  10   8   8   8   5   4   9   8  12   9   9   7   7   8   4   8   6   6   4   6   5   4   5   3   4   4   4   1   1   1   2   4   1   2   2   2   4   3   0   2   0   0 
  0   2   4   4   3   5   4   5   5   5   3   4   3   4   5   6   4   7   6   7   6   7   7   7   7   8   6   4   5   7   8   6   7   8   9  11  11   9   8   7   8  11  10  10  11   8  11  12  12  12  12  10  12   9  12  11  10  10  10   9   6   7   8   9  11  12  11  10   9   8   7   8   9   6   5   6   5   4   5   3   4   5   4   5   4   4   3   3   3   2   2   3   3   3   3   2   2   1   2   1 
  1   3   4   3   5   4   5   7   5   6   3   6   3   3   5   5   4   4   7   7   5   6   7   7   6   6   5   5   4   6   8   7   8   7   8  10  10   8   8   5   8   9  11  11  11  13  13  13  12  11  13  12  12  13  10  11   8  10   9  10   8   5  10   7  12  13  14  11  11   9   8   8   8   7   7   6   6   6   5   5   3   3   5   5   3   3   3   4   4   1   2   2   3   2   3   3   3   3   3   1 
  1   2   2   2   4   3   6   5   3   5   6   5   4   5   5   5   6   6   5   6   7   8   5   6   8   5   6   6   5   6   7   7   7   9   9   7   8   6   5   7  11  12  11  10  11  12  10  12  14  12  12  13  14  11  13  12  12   9   9   9   9  11   8   9  11  13  13  10   7  10   9   8   7   8   8   6   6   5   5   6   4   5   5   4   4   1   4   4   3   1   2   2   3   2   3   3   4   3   2   3 
  2   1   2   3   3   3   5   6   7   5   7   5   5   5   5   5   5   6   7   6   6   6   8   7   8   8   5   8   5   4   9   8  11  10   9   8   9   7   9   8  10  12  10   9  10  11   9  12  13  13  11  13  13  14  11  13  13  11  10  10  11  11  11  10   7  10  13  12  10   9  10   4   8   9   8   7   6   6   7   4   5   4   5   4   3   4   5   3   4   3   4   4   4   3   4   3   2   2   4   1 
  2   1   2   3   2   1   3   5   6   4   5   6   3   5   4   4   7   6   6   4   6   7   7   6   7   8   7   7   8   8   8   8   9  10   9  10  10   9  10  10  11  12   8  10  12  12  12  12  14  13  13  13  14  14  15  14  13  12   9  10  11  10  12  11  11  11  12  11  12  11  10   8   7   7   7   6   3   6   4   4   5   5   6   5   4   4   3   3   4   5   5   3   4   5   2   4   4   2   3   2 
  1   2   3   0   2   3   4   4   3   3   4   5   4   4   5   5   4   7   7   6   5   8   7   8   7   7   7   7   6   8   7   8  11  10  11  10  11  12  11  10  13  13  10  10   9  15  16  15  13  13  12  16  15  16  16  14  14  14  13  11  13  11  14  12  13  13  12  11  10   9   8   9   7  10   9   7   7   7   6   4   7   5   5   4   5   4   4   3   5   4   4   2   3   2   3   3   4   4   2   2 
  0   1   2   2   0   3   1   1   3   3   4   4   2   6   5   6   6   6   6   7   8   6   7   6   7   6   7   8   7   8   7   9   9  11  11  10  12  12  11  13  13  11  12  11  13  15  17  16  14  16  15  17  15  13  17  17  14  13  11  14  10  14  13  18  12  13  13  12  12  11   8   9   7   8  10   8   7   6   7   6   6   7   4   4   5   4   5   6   5   4   4   4   4   4   2   4   3   1   2   2 
  0   0   0   2   0   2   1   1   1   3   2   5   4   5   4   5   6   4   5   6   7   7   7   6   7   9   8   9   6   9   9  10  11  12  11  10  12  13  11  10  10  12  13  13  16  18  18  17  18  17  16  16  17  18  18  20  15  14  13  14  17  15  17  17  15  15  13  14  13  13  10   6   7   9   5   8   8   7   6   7   6   5   5   5   5   3   5   5   4   5   5   5   5   4   3   3   3   2   3   2 
  0   0   0   0   2   1   0   3   4   3   4   4   4   1   2   2   3   3   5   6   7   8   5   8   8   9   9   8  10  10   9   9  12  12  12  11  14  15  15  14  15  12  13  15  15  18  19  17  18  16  17  18  20  16  20  19  19  18  17  16  17  18  18  18  16  17  15  15  14  15  10   9   8   6   8   8   7   6   7   5   4   5   4   6   5   4   5   7   6   5   5   5   5   6   3   5   3   2   2   1 
  0   0   0   0   1   1   2   3   3   5   5   5   5   2   3   2   4   5   4   6   7   9   9   7   6   9   8   9   8  10  10  11  11  12  13  13  14  15  15  13  16  16  14  15  17  19  16  19  18  18  21  21  21  20  19  19  17  19  17  18  20  19  20  19  18  17  17  17  17  15   8   8   9   7   9   8   6   8   6   6   5   5   6   4   6   5   8   5   7   6   5   5   4   5   4   4   3   1   0   0 
  0   0   0   0   0   1   2   2   2   2   5   4   5   3   3   4   4   5   5   6   9   9   8   5   6   8   6   9  10  12  12  10  13  13  12  13  14  15  14  16  18  14  16  14  19  18  18  19  20  22  20  20  21  22  21  22  19  20  20  20  16  22  18  18  17  17  17  18  18  15  14  11   6   9   8   5   8   6   7   6   7   6   6   5   4   5   7   8   7   6   6   4   4   4   5   5   1   1   2   0 
  0   0   0   0   1   2   1   3   2   3   2   1   3   0   4   5   6   4   5   8   7   7   7   4   7   8   8  11   9  12  11  12  12  14  13  12  13  16  17  18  19  18  19  20  18  20  19  26  25  24  24  24  22  23  20  22  23  23  20  19  20  22  19  18  19  18  19  16  18  17  15  13  10   8   8   8   9  11   7   7   5   6   6   4   5   5   6   7   6   7   6   4   3   5   3   2   1   1   3   1 
  0   0   0   0   2   2   2   2   1   2   2   4   3   4   5   2   4   6   8   6   7   7   7   8   9   7  10  10   8  10  10  11  12  14  14  14  14  18  17  19  19  19  19  19  22  22  25  25  26  26  25  26  20  22  23  24  23  24  25  21  24  22  23  22  20  18  19  18  17  17  14  14  10   9   7  11  11   7   7   8   9   4   4   5   5   7   6   5   7   6   6   4   3   3   2   2   1   3   1   1 
  0   0   1   1   2   1   2   3   1   1   1   3   5   4   5   8   5   7   8   8   8   7   8   7   8  10  10  10  11  11  12  13  14  12  13  12  18  17  18  17  19  21  16  22  23  23  28  26  27  28  29  27  29  26  28  27  26  27  26  25  23  24  25  24  19  21  19  19  19  17  14  15   9  10  10  11  10   8   8   9   9   7   7   7   5   3   7   4   5   6   5   4   3   2   3   4   4   5   3   1 
  0   1   1   3   1   3   2   1   1   1   2   5   3   5   5   6   8   8   8   9   9  10   9   7   7  10  10   9  10  11  13  13  11  14  16  17  17  18  19  20  21  21  24  24  29  27  29  28  27  27  30  29  28  29  27  26  28  28  28  25  24  26  22  23  20  18  22  18  17  17  17  14  12   8   9   6   8   7   9   8   9   9   7   7   5   7   5   5   3   5   3   4   5   2   3   4   5   5   3   3 
  1   0   1   2   3   2   3   2   2   3   5   4   4   5   5   4   5   7   7   8   7   7   5   8   7  10  12  10  11  12  10  14  13  13  15  18  18  20  22  23  25  25  27  30  25  24  27  29  28  29  31  31  29  29  29  28  29  28  28  26  27  25  24  24  22  21  19  19  19  18  16  15  11  12  10   9   9   8   8   9   8   9   7   3   6   5   5   4   5   1   2   4   3   2   3   3   3   3   3   2 
  1   2   1   2   2   3   3   1   3   3   4   2   4   4   5   5   6   5   5   7   7   4  11   7  10   9  10  13  11  11  12  13  14  14  16  17  20  21  23  22  23  28  25  28  30  26  26  28  32  32  31  30  30  31  31  30  29  29  27  27  26  24  25  24  23  20  20  18  16  16  14  15  12  12  10  10   9   9   9   9   8   8   7   6   4   5   3   4   1   2   3   2   0   2   2   4   2   2   2   1 
  4   4   2   2   1   2   1   3   1   4   4   0   3   5   4   4   6   5   3   5   9   9   8  10   9  10   9  12  12  11  13  13   9  15  15  19  18  22  24  25  26  28  27  27  29  28  29  31  33  32  33  34  31  29  32  28  29  29  29  28  26  25  23  24  23  21  21  21  18  15  13  16  10  13  13  12  12  10   8   7   8  10   7   7   7   5   3   3   0   2   4   3   4   4   2   3   1   3   4   3 
  3   3   0   1   2   0   1   1   0   3   3   2   3   2   3   1   4   4   5   6   9  10   8   9   9   8  10  10  11  13  15  14  15  17  19  18  22  22  25  26  25  23  27  27  28  30  31  30  33  32  32  32  34  33  31  32  27  29  29  30  27  27  27  25  22  20  18  17  19  15  16  12  13  13  13  10  10  11   9   8  10   8   9   7   6   6   2   0   1   5   4   3   3   2   3   4   3   3   3   2 
  0   1   2   1   1   2   2   1   4   1   3   2   2   4   2   5   2   3   6   4   6   9   7   8   8  10  12  12  12  12  14  16  17  18  17  21  25  22  24  22  26  27  28  26  25  29  30  32  32  33  34  35  34  31  34  32  30  29  30  27  28  28  29  26  25  21  20  17  19  17  13  10   8  13  13  12   9  11   7  10   9   9   9   9   7   6   5   2   4   6   2   3   4   2   3   1   5   1   4   2 
  0   0   1   3   1   1   0   2   4   3   3   3   6   4   5   6   4   5   6   6   6   5   9   9  10  11  12  12  13  14  15  16  15  18  22  20  24  26  24  25  25  28  28  27  27  28  30  34  34  35  34  31  34  33  35  34  31  29  32  30  30  29  29  28  25  23  21  18  18  14   9  13  13  12  12  14  10  11  11   9  11  11  10   9   7   5   5   4   1   5   4   4   5   4   3   3   4   5   5   2 
  0   1   1   3   4   3   1   0   3   3   4   4   6   5   5   5   4   6   7   7   6   4   8   8  10  10  11  12  15  16  15  14  15  18  22  22  24  26  27  26  22  28  29  28  29  30  32  32  35  34  33  33  34  32  33  34  33  31  34  33  30  30  30  28  26  23  22  19  17  16  16  17  14  13  13  12  12  11  11  11  11  10   7   7   6   4   5   2   5   2   2   3   3   2   4   1   1   4   3   2 
  0   3   2   1   2   3   3   1   1   2   3   5   3   2   5   5   5   6   6   4   6   6   6   8  10  11  12  12  15  12  14  18  18  20  23  23  25  26  26  28  28  29  31  28  30  31  31  34  34  34  34  34  33  34  34  34  34  34  34  36  33  34  28  28  27  20  21  22  20  17  16  16  12  12  11  10  11  12  10  10   9   9   6   7   7   6   5   4   4   5   6   3   3   3   2   0   2   3   3   6 
  0   3   5   3   2   1   3   1   3   1   2   2   3   5   6   6   2   5   6   6   7   7   8   9  10  11  12  11  11  14  13  16  19  19  20  22  26  26  25  27  25  29  28  29  29  30  33  33  36  33  32  34  36  35  34  34  35  35  35  33  34  33  28  27  25  26  21  20  21  19  17  16  14  15  15  12  12  11   9  11   9   8   8   7   6   7   6   5   5   6   4   2   1   1   2   2   3   3   4   6 
  0   3   4   1   3   3   1   2   2   3   3   3   2   3   3   4   5   4   6   5   8   7  10   9  12   9  11  10  12  12  16  18  19  20  22  23  24  24  28  28  27  28  31  31  26  31  35  36  36  37  36  34  34  33  34  35  34  34  36  36  34  30  29  27  26  25  25  21  19  22  17  17  16  16  15  12  11  11  11   8   9  10   6   7   7   6   6   5   4   5   4   3   0   0   1   3   2   2   5   4 
  3   3   2   3   2   5   3   3   2   1   2   3   3   2   3   5   3   4   4   7   6   6   9  11  10  12   6   9  11  11  16  18  17  21  24  24  24  26  29  29  30  29  32  32  32  32  35  38  38  35  35  35  35  35  34  34  36  36  35  35  33  30  28  26  25  24  23  22  20  21  21  17  16  16  15  14  12  12   8   8   8   7   7   6   8   7   6   5   1   3   2   1   0   1   1   0   1   2   2   3 
  3   3   1   2   1   3   4   4   3   2   1   1   3   3   5   5   4   4   6   8   9   9   9   9   8  12  10  11  12  14  17  18  19  21  23  25  26  27  29  29  29  33  33  31  32  32  34  35  35  36  37  36  34  33  35  37  35  35  35  36  30  31  29  27  26  24  22  21  22  20  17  19  17  16  14  13   9   7   9   9   7   7   7   4   3   8   5   5   5   4   3   1   2   1   2   3   0   0   1   0 
  0   4   4   2   2   3   2   3   4   2   2   3   1   5   5   3   7   5   7   8   8   8   9   9  11  12  11  11  11  11  16  16  18  18  22  25  26  28  29  26  30  29  30  32  32  32  33  35  35  33  33  36  35  37  36  36  35  34  34  34  31  30  28  28  25  23  23  22  21  20  21  19  17  15  13  12   7   8   7   8   6   4   6   6   6   5   5   4   6   5   2   2   2   1   3   2   2   0   0   0 
  1   2   3   3   2   2   2   3   2   3   3   3   2   5   5   7   8   6   9   9   9  11   9   7   8  10  11  11  12  10  14  15  17  19  16  20  25  26  29  31  29  29  30  31  29  34  35  36  31  33  34  34  35  34  34  34  33  34  34  34  31  29  29  29  27  23  23  21  22  19  20  18  14  13  11  11   9   9   6   7   7   7   7   6   7   6   6   4   3   6   4   4   1   2   3   2   0   0   0   0 
  2   3   3   4   4   3   2   2   2   4   3   4   5   5   5   6   5   7   8   8   8  10   7   9   8   7   9  11  11  12  13  17  18  19  21  21  24  27  28  29  27  29  30  29  32  35  34  36  36  33  32  35  33  34  34  34  34  34  35  33  31  29  29  27  27  22  21  23  22  22  18  18  13  11  10  11   9  10   7   7   9   9   6   7   6   7   6   5   5   2   5   1   3   1   0   2   0   0   0   0 
  1   2   1   2   4   2   2   4   3   4   5   1   3   6   5   6   7   7   7   7   7   8   8   4   7  10  10  11   5  10  14  17  16  21  22  19  22  28  28  25  28  28  30  33  35  34  36  36  36  35  34  32  34  35  34  33  31  35  32  33  29  28  26  26  26  22  22  22  19  21  19  16  15  12  11  12   7   8   8   7  10  10   7   6   7   5   6   6   4   2   5   1   4   5   1   1   1   0   0   0 
  0   4   3   0   2   3   4   3   4   2   4   4   4   5   4   6   6   6   8   8   6   7   8   5   8  10  13  13  12  13  12  16  20  22  21  21  21  26  28  28  30  31  30  34  32  33  34  32  36  34  33  32  33  34  33  32  32  32  34  32  28  29  29  27  26  22  21  22  20  18  16  15  12  10  11  11   9   9   7   6   7   5   5   7   7   4   6   5   4   5   5   5   4   4   3   1   0   0   0   0 
  2   2   3   1   1   2   4   4   4   5   4   5   4   3   5   7   6   8   7   7   8   8   8   7  10   9  12  13  13  14  13  17  17  20  20  21  21  25  28  25  29  30  32  30  31  34  33  35  33  34  33  33  32  31  31  32  32  33  33  28  30  30  28  26  24  24  22  22  18  14  17  14  14  12  11  11  10   7   7   5   5   5   5   4   6   8   6   5   4   4   4   3   3   0   0   0   0   0   0   0 
  2   2   2   2   1   0   2   1   4   3   4   5   4   6   6   5   6   5   9   8   8   8   9   8  10  11   9  11  14  14  14  14  18  21  21  20  24  26  25  29  28  30  32  30  31  33  34  31  34  35  35  32  31  30  32  30  32  32  30  29  29  28  26  23  24  21  22  20  17  16  15  16  13  12  10  10   8   8   6   4   5   2   5   5   8   7   6   5   3   3   2   2   2   0   0   0   0   0   0   0 
  2   2   3   2   4   1   1   1   2   4   3   3   5   6   4   4   4   6   8   9   9   8   9  10  10  10   9   9  12  12  12  12  21  20  19  21  24  26  27  27  29  25  30  30  33  33  31  32  34  32  34  30  30  28  31  31  30  30  29  30  30  25  24  24  23  21  20  16  15  16  12  12  14  14  11   8   7   5   4   5   5   4   6   5   6   5   5   5   3   4   3   2   2   0   0   0   0   0   0   0 
  4   5   2   4   4   3   3   1   3   3   3   2   5   4   4   4   4   7   6   6   4   6   7  10   9   6   8   9  11  11  13  15  15  21  18  18  23  24  25  28  28  28  29  32  29  30  29  31  31  34  31  31  29  30  30  30  29  28  29  30  28  25  23  24  21  23  21  18  16  16  16  13  11  14  11  10   8   3   7   6   4   7   5   6   4   6   5   3   5   3   3   2   1   0   0   0   0   0   0   0 
  5   4   3   3   4   3   1   3   4   3   2   3   5   3   2   5   3   6   5   4   5   5   7   7   9   9  10   9  10  12  14  14  16  17  19  21  22  19  25  27  28  29  30  29  29  31  28  31  31  31  30  30  29  27  30  29  30  30  29  29  26  25  22  23  22  20  19  15  15  16  14  11  10  13  13   8   6   9   7   6   5   8   8   6   6   3   6   5   2   2   2   3   0   1   0   0   0   0   0   0 
  2   3   4   5   1   5   5   4   4   4   4   4   5   4   5   3   6   5   4   5   6   5   7   8  10   6  10  10  10  13  14  14  12  15  17  19  19  22  25  26  27  28  28  32  28  32  31  31  32  30  31  30  29  30  30  31  30  28  29  28  27  26  24  23  22  21  17  17  15  14  14  13  13  12  11   8   6   8   6   7   6   8   8   3   6   6   5   6   4   1   2   2   1   2   3   1   0   0   0   1 
  1   2   4   3   4   4   2   4   4   4   4   3   3   4   4   5   4   5   2   4   5   7   7   9   9   8  13  14  12  14  13  14  15  16  17  18  20  21  27  26  26  27  28  28  30  31  29  29  31  30  31  30  29  27  28  27  29  28  27  27  25  24  25  21  23  19  16  17  14  15  14  12  11  12   8   9   8   6   9   7   6   5   5   5   5   2   5   5   3   3   3   3   2   3   2   3   2   2   2   2 
  1   3   3   2   3   4   5   3   2   4   0   3   1   4   3   4   4   4   5   5   3   6   6   7   7   8  11   9  11  12  12  14  15  13  18  18  21  24  24  24  26  28  27  29  27  30  29  30  28  29  28  29  30  27  28  28  28  28  25  25  24  23  22  20  20  18  19  17  16  15  13  14  11  11  10   9  11  10   7   6   4   5   7   6   5   4   5   6   5   6   4   3   1   0   2   2   3   4   4   3 
  1   5   2   3   1   5   5   5   2   3   4   4   4   5   5   4   6   4   7   7   3   3   7   6   8   8   7   7  10  11  12  13  16  16  16  18  19  23  25  24  25  25  26  28  27  27  27  27  28  27  29  30  26  27  25  27  28  26  25  24  25  19  17  18  19  18  14  14  14  15  12  11  10  12  11  11  10  11   7   5   5   6   7   6   5   5   5   4   5   4   5   3   2   0   3   2   3   1   3   2 
  3   4   3   3   2   3   1   4   3   2   4   5   5   6   6   5   3   5   6   4   5   6   7   9   7   8   8  10  11  11  11  15  13  14  15  16  18  21  23  23  24  23  24  26  27  25  28  28  27  23  24  27  27  22  24  23  24  24  24  24  19  18  20  18  18  16  13  12  14  14  13  10   9  11  12  11  10   9   8   7   5   6   7   7   5   6   4   5   5   4   4   2   3   2   1   4   2   2   3   1 
  3   5   2   1   3   1   2   2   0   2   5   3   4   4   5   5   6   6   4   4   3   5   6   7   7   8   9   9   8  12  12  11  12  12  15  16  18  19  21  23  22  24  22  24  26  26  27  23  25  24  23  24  24  23  24  23  24  24  22  21  17  19  18  17  13  16  14  12  12  14   8   9   9   9   6   7   7   8   8   7   8   5   6   7   7   4   5   6   5   4   3   3   1   2   5   2   1   2   3   2 
  4   3   3   1   2   3   2   1   0   4   2   6   4   5   5   5   6   4   4   5   7   5   8   7   9   7   8   6   8  10  10  11  12  13  15  16  18  20  20  20  21  21  18  21  20  21  20  21  22  22  23  21  19  23  21  22  22  23  21  15  19  17  17  16  14  13  14  13  10  12   8   8   9   9   7   8   9   9   8   8   5   5   5   7   6   6   5   5   2   5   5   4   3   4   4   3   3   4   4   2 
  2   3   0   1   3   2   3   0   2   4   5   7   7   6   7   5   6   5   5   6   7   6   5   8   6   7   6   7   8   9   9  12  13  13  14  14  18  19  20  19  20  20  19  17  19  20  19  20  21  21  20  19  19  20  21  17  19  18  18  19  18  18  16  15  11  14  12  12  11  10  10   8   9   9   9   8   8   8   4   6   4   3   6   6   7   7   5   4   6   4   3   5   7   6   3   3   2   2   1   1 
  1   1   0   1   3   3   2   2   5   6   4   6   9  10   6   7   6   5   6   7   5   5   5   5   6   7   5   9   9   5  10  10  11  14  15  16  15  17  18  16  19  18  20  18  19  16  19  18  21  20  17  17  18  19  20  18  16  19  18  18  16  16  17  15  14  12  13  10  11   9   9   8   9  10  10   7   5   6   6   4   6   3   5   5   2   6   3   5   2   5   5   4   4   2   1   2   2   2   1   1 
  2   4   0   0   1   2   0   3   4   3   5   3   5   9   9   5   4   5   5   5   5   4   3   6   4   6   6   8   8   8  10   6  13  13  12  14  15  17  15  17  18  19  17  15  17  17  17  19  18  18  16  18  18  18  17  15  19  17  18  17  15  13  15  14  11  11  12  13  12   9  11  11   8   9   8   7   8   6   3   5   3   3   1   5   6   6   4   4   3   4   3   4   4   4   4   2   2   2   2   2 
  1   4   5   2   0   1   2   2   3   4   3   4   6   6   8   8   5   6   6   5   6   5   4   5   5   2   5   6   6   8   8  10  11  10  12  15  14  16  16  16  18  17  17  17  17  16  16  16  17  17  17  13  17  18  18  16  16  14  15  13  14  15  16  13   9  12  12  13  11  10  12   8   7   8   8   8   8   8   6   4   2   4   6   5   7   6   4   4   3   3   4   4   3   4   4   4   3   1   1   2 
  1   3   5   1   2   1   1   1   4   5   4   4   5   6   5   6   7   5   4   7   7   6   5   4   3   6   6   7   9   7   9  11  11  11  12  14  15  15  14  15  14  15  16  15  15  15  16  16  14  18  15  14  16  16  14  16  15  13  14  14  14  13  15  13   9  10  13   8  10  10   8   8   8   6   7   5   5   6   8   5   4   5   6   6   6   5   3   4   3   4   4   3   3   1   3   3   2   0   0   0 
  1   3   4   3   0   1   2   2   4   4   5   4   5   5   5   5   6   5   7   5   7   6   3   4   5   4   8   8   7   8   9  10   8   9  11  10  12  14  15  13  12  14  15  13  14  16  11  15  15  16  13  13  14  16  15  11  14  14  13  12  13  15  15  14  13  12  11   9   9   9   9   8   9   6   6   6   5   6   8   6   4   5   2   5   4   3   3   2   4   3   2   3   2   2   1   1   1   1   0   0 
  4   3   3   1   0   1   2   2   3   5   4   5   5   3   4   5   5   5   6   6   4   6   7   5   5   4   8   6   9   9   9   7   9  10  10  11  12  13  11  11  11  14  13   9  12  14  14  13  15  13  13  10  12  15  12  13   9  11  13  13  13  11  12  14  13  13  11   9   8   9   8   7   8   7   5   5   6   4   5   2   5   4   3   4   3   4   0   2   2   1   1   2   4   2   1   0   1   3   0   0 
  4   4   4   3   2   1   1   2   1   4   1   0   4   4   4   5   4   5   4   5   4   4   7   6   6   7   8   9   8  10   9   9   9   9   8   8   9  11  12  13  13   9  10  11  12  12  11   9  12   9  13  11  12   9  10  10  11  11  11  11  13  12  13  12  13  12   9   7   9   9   8   8   7   6   7   5   6   6   3   5   5   4   5   5   4   5   2   2   2   2   3   2   3   1   0   0   2   2   3   0 
  1   5   5   4   2   3   1   1   3   2   2   4   3   5   5   3   5   6   5   3   3   4   5   6   7   7   9   7   9   8   9   8  10   9   9   9   9   9  10  12  12  12   8   9  10  11  11  10  11  12  12  13   9  10  10  10   9  10  10  12  10  13  12   9  12   5   8   9   9   8   7   8   8   8   5   6   6   2   5   3   4   4   4   5   3   2   1   3   2   1   1   2   3   1   1   1   0   2   1   0 
  2   6   5   5   3   3   3   2   3   2   4   2   4   3   6   4   4   4   6   4   4   4   5   7   7   7   8   9  10  10   7   9   9  10   8   9  11  10  11  12  12  11  10  10   9   7   9  11  11  11  11   9  10  10   8   9   6   9   9   9   9  11   9  11   6   8   7   8   5   7   6   5   3   6   3   4   1   4   5   5   4   3   5   2   3   3   4   2   2   3   3   2   2   2   2   1   1   1   1   1 
  3   2   3   4   4   3   2   3   2   4   3   4   5   4   4   4   5   5   6   5   3   5   6   7   8   9   9   7  10  11  10   6   9   5   8   9  11   9  10  11  12  11   9   8   9  11  10  10  10  12   9   8   9   8   8   9  10   9  10  10  10   9   9   9   6   7  10   9   5   6   3   4   5   6   3   3   4   4   4   3   3   4   3   3   4   4   4   3   1   2   1   2   0   1   1   0   0   1   2   2 
  2   3   1   0   4   1   4   4   5   5   3   3   5   3   2   4   6   5   5   4   6   4   4   7   6   9   9   8   8   9   9   9   9   8   8  10   7   8  10   9   7  11  10   9   7  10  10  10  10  11   9   8   6   9   9   7   8   9   9   9   7   9  10  10  10   9   8   9   6   5   6   3   4   4   4   1   0   3   1   3   1   4   3   2   4   4   5   5   4   3   1   2   3   2   2   0   2   2   2   0 
  0   0   2   1   2   4   3   4   4   4   2   3   4   3   3   3   6   5   1   5   5   5   6   7   8   8   7   6   8   9  10   8   8   8   9   7   7   6   7   7   5   8   9   9   8   8   7  11   6   7  10   8   9   8   8   8   8   8   7   6   9   7  10   9   7   5   6   5   7   6   4   3   3   4   5   2   2   4   3   2   1   3   4   4   4   4   1   5   3   4   3   1   2   0   1   1   0   1   2   2 
  0   1   2   0   3   2   4   3   3   5   3   3   4   3   5   4   4   6   5   6   7   7   8   7   6   6   8   7   8   8   7   8   8   5   7  10  10  10   7   6   6   7   8   6   8   6   8   7   7   8   7   4   5   6   6   7   7   8   8   6   5   8   8   5   5   5   6   8   6   6   4   5   4   5   4   4   0   2   4   3   3   2   3   2   4   4   3   5   4   2   3   2   0   2   0   0   2   3   3   1 
  1   3   2   2   2   1   3   5   4   4   1   4   3   3   6   5   6   4   5   5   7   8   7   8   4   7   6   8   7   7   7   7   7   8   9   8   9   8   8   6   4   8   8   8   7   7   8   7   7   6   6   6   6   6   6   8   7   7   9   5   6   5   3   7   5   5   7   6   6   6   4   3   4   5   4   4   3   3   3   2   3   1   3   1   4   1   4   4   3   4   4   3   3   2   3   0   4   2   3   2 
  0   1   2   2   2   3   4   2   4   3   3   5   4   2   5   6   3   4   4   5   6   6   8   5   4   5   6   8   8   6   5   7   7   8   8   6   7   6   6   7   6   5   8   7   7   7   8   5   6   5   6   7   7   6   6   6   8   8   9   8   5   6   5   5   5   5   5   6   7   6   5   2   4   5   3   2   3   3   2   3   3   2   3   3   6   2   3   3   2   3   5   4   4   2   1   3   4   4   5   1 
  0   1   2   1   0   3   1   3   4   4   3   3   4   3   3   2   3   4   6   6   6   6   4   2   5   5   5   5   7   7   7   4   7   6   7   4   6   6   6   4   4   4   6   8   7   6   5   5   6   6   6   5   6   5   7   6   7   7   6   6   5   5   4   3   3   5   6   6   6   5   6   6   3   0   3   3   3   3   3   0   3   4   3   6   7   6   4   3   4   5   2   4   4   3   3   2   1   5   4   3 
  3   4   1   2   2   4   3   2   5   3   2   2   3   2   3   3   3   3   6   5   4   4   5   5   7   4   4   6   6   7   7   6   5   5   5   4   3   6   5   4   5   4   5   7   8   6   6   6   4   4   5   6   4   7   5   7   5   4   5   6   3   4   6   6   4   4   7   6   6   5   3   6   4   3   1   3   2   3   2   2   1   5   6   7   7   7   5   5   5   6   3   4   4   3   1   3   4   3   3   2 
  2   2   4   3   4   3   2   4   4   4   2   3   4   5   3   2   3   2   3   4   4   3   3   6   6   4   4   6   4   6   4   6   4   1   2   4   4   4   3   6   5   1   3   4   6   6   6   6   6   4   3   4   3   6   6   6   6   5   5   6   6   6   7   3   6   6   6   5   5   6   5   2   3   3   2   2   4   2   3   2   1   2   4   6   3   6   3   5   4   7   5   6   5   3   4   4   2   4   3   1 
  4   3   4   3   0   1   3   3   4   4   2   3   2   6   4   1   1   3   3   2   3   3   4   5   5   3   5   6   6   4   4   3   4   4   3   2   1   3   4   3   4   5   6   5   6   6   5   4   7   6   4   5   5   5   4   6   6   6   5   5   5   5   5   5   5   5   4   3   4   5   4   3   2   2   1   2   3   1   1   3   3   1   3   3   4   3   4   5   5   4   7   3   7   8   5   5   4   3   2   1 
  4   4   1   1   2   2   1   0   4   4   3   3   3   3   4   2   2   3   3   4   5   5   4   5   5   6   5   4   6   4   4   2   0   2   1   2   2   3   4   5   4   5   6   6   4   3   5   5   6   5   4   2   1   5   2   6   6   4   4   4   6   2   5   4   4   3   5   5   5   3   0   2   3   2   3   2   2   2   1   2   2   1   2   3   3   3   3   4   4   3   4   4   5   6   4   4   4   3   3   1 
  2   4   4   3   3   2   1   1   0   3   4   1   2   3   3   4   2   3   3   4   5   5   6   6   5   4   6   6   7   4   3   2   1   0   3   1   2   3   5   3   5   6   4   4   4   5   3   2   3   3   3   2   3   4   5   3   4   5   6   3   4   7   6   6   4   3   3   1   4   2   1   3   3   3   2   1   0   3   0   1   0   0   2   3   2   0   3   4   4   2   4   4   4   5   3   3   4   4   2   2 
  3   4   3   1   1   3   2   2   3   2   2   2   3   2   1   3   3   0   0   3   4   5   6   3   4   5   3   4   5   6   4   3   2   1   2   0   2   3   4   5   7   5   4   5   4   2   3   2   0   2   3   4   3   3   1   3   4   5   7   5   4   5   6   5   5   4   3   4   4   2   3   4   2   1   2   1   0   2   2   2   3   1   2   2   1   3   2   4   3   4   5   4   4   4   4   3   2   0   3   1 
  2   2   2   2   2   3   3   1   1   2   1   2   3   3   2   2   2   2   0   3   3   3   3   5   4   4   4   4   5   5   3   1   2   1   2   3   1   1   1   6   6   4   2   4   4   3   3   3   2   2   3   3   5   3   3   3   2   2   6   6   5   3   6   5   5   4   3   4   2   3   0   1   2   1   1   1   2   2   2   3   2   1   2   3   0   3   3   1   4   4   3   5   5   3   3   4   0   2   2   2 
  1   3   3   1   2   2   3   2   3   1   2   3   4   4   2   3   3   1   2   1   3   4   5   5   3   4   5   4   5   5   3   2   0   1   2   0   2   2   3   3   3   4   4   4   2   0   3   3   3   2   2   4   4   5   2   2   4   4   5   4   5   5   4   5   6   4   3   3   3   2   2   0   3   0   1   2   1   1   3   2   2   2   2   2   4   3   3   0   4   5   5   5   3   2   4   4   4   2   2   1 
  0   3   2   3   3   4   3   3   3   4   4   4   3   4   2   4   2   1   1   2   0   3   4   5   6   5   3   6   5   4   4   1   2   1   0   2   0   1   3   3   3   4   3   3   2   4   4   2   0   2   0   2   4   2   3   2   3   5   4   3   4   3   5   3   4   4   3   2   2   2   1   2   4   3   3   1   1   2   2   3   4   1   0   4   1   3   2   2   3   4   3   2   3   4   6   6   3   3   1   3 
  0   2   3   2   3   4   3   5   3   4   4   3   4   4   3   1   5   3   3   2   3   3   6   6   5   5   3   5   5   6   5   3   2   2   2   2   1   2   3   2   1   4   3   4   2   2   2   0   1   1   1   0   3   5   3   2   5   4   4   6   5   5   6   5   4   5   2   2   1   0   3   0   4   4   1   2   2   3   2   4   3   1   0   0   2   3   2   3   3   4   5   2   3   6   5   3   5   4   4   3 
  0   2   2   3   3   3   5   5   3   3   3   0   4   4   2   4   4   3   0   0   0   4   3   6   5   1   5   4   5   4   2   2   3   2   1   2   2   3   1   3   2   4   3   1   1   3   2   0   1   1   1   0   0   1   1   4   2   2   2   6   4   4   4   5   2   4   4   3   1   1   2   3   3   3   4   3   3   4   2   4   3   2   3   0   2   2   0   3   2   2   4   5   5   5   4   4   3   2   4   3 
  0   2   2   1   2   3   2   4   5   3   3   1   2   2   2   4   5   2   4   2   2   4   4   2   5   5   1   4   3   1   1   3   3   2   1   3   2   4   4   2   2   4   3   4   4   2   0   0   1   0   0   0   0   1   2   3   2   2   2   5   3   6   4   4   5   3   5   3   1   3   3   4   4   2   1   4   4   3   3   1   4   2   4   3   3   1   1   1   1   2   4   5   4   3   3   3   3   2   4   0 
  0   0   0   0   0   2   2   3   1   2   1   1   1   2   2   3   3   4   5   6   5   3   2   3   4   5   4   3   5   2   2   2   1   2   1   0   1   3   5   3   4   4   2   2   3   1   3   3   1   1   2   1   0   1   3   2   2   2   3   4   7   3   5   4   6   6   7   3   4   0   2   3   4   3   1   3   3   2   4   3   3   4   3   2   3   2   1   1   0   2   2   3   5   0   2   3   3   1   3   3 
  0   0   0   0   0   2   3   1   2   2   2   2   2   2   3   2   3   4   5   4   3   4   3   2   4   4   4   2   4   2   2   2   1   3   1   2   0   3   2   4   3   2   5   4   4   2   3   3   3   2   1   0   0   0   1   3   2   3   4   4   2   3   4   5   5   7   3   4   4   4   3   3   2   3   3   2   4   2   2   1   2   3   3   3   3   3   2   1   1   2   3   1   0   3   1   0   1   2   1   1 
  0   0   0   0   0   1   0   1   1   0   2   3   3   3   1   2   2   3   4   4   4   3   3   5   4   5   4   4   3   3   2   2   5   4   1   0   1   1   4   3   2   3   5   6   3   0   3   4   5   1   0   0   0   0   2   3   3   4   5   3   4   3   2   5   6   7   4   2   3   3   6   4   4   3   3   4   3   1   2   2   2   2   3   3   2   3   2   2   2   1   1   0   0   0   0   0   0   0   0   0 
  0   0   0   0   0   0   0   0   0   1   2   2   3   4   3   2   2   4   4   4   4   2   3   3   3   4   5   3   2   2   0   0   3   0   0   0   0   1   0   1   2   3   0   0   1   3   3   5   2   0   0   0   0   0   2   3   2   2   3   3   1   5   5   5   6   2   4   3   3   3   3   6   3   2   4   5   2   0   1   2   2   2   3   1   2   2   1   1   2   2   0   0   0   0   0   0   0   0   0   0 

Normalized Grid:
 20  20  26  20  26  26  26  13  13  20  20  20  13   6   0   0   0   0  13  13  20  26  13  13  13   6  13  33  20   0   6   6   6  13   6   0   0   0   0   0  13  20  33  26  26  26  13  20  26  13  26  20   0  20  26  26   0  13   0   6  13  26  20   6   6   6   6   0   0   0   0   0   6  13  13   6  26  13  20  13  20  33  26  13  26   0   0   0   0   0   0   0  13  20  26  13  20  13  20  20 
 13  26  33  33  26  26  26  33  20  13  13  13   6   0   6   6   0   6  13  13  13  26  26  20  26  13   6  26  26  20  13   6  13   0  20  13  13   0  20  13  13  20  33  26  26  40  33  26  13  33  26  33  26  26  26  33  20   0  13  20  20  26  20  20  13  13  13   0   6   0   0   0  13  13  13  20  26  33  26  33  33  26  33  26  20  13   0   0   0   0   0   6  13  20  13  26  20  33  33  13 
 26  33  26  20  20  20  40  33   6  13  13   6   0   0  13   0  13  13  20   6  13  20  20  13  20  26  20  33  26  20  26  20  13  20  13   6  20  33  26  13   6  13   6  26  33  20  26  26  20  26  26  20  20  13  26  26  26   6   6  26  40  26  26  26  13  20  13   6  13  20   0   0  13  13  13  13  20  26  26  33  20  26  26  33  33   0   0   0   0   0   0  13  13  20  20  20  20  26  20  20 
 26  33  26  26  13   6  13  20  26  13  13   6   0   0   0  13   6  13  26  33  33  33  33  20  33  33  26  26  33  20  26  26  33  26  20  20  13  13  26  13  13  20  20  26  26  33  20  26  40  20  20  26  13  20  20  26  20  20  20  20  33  40  20  20  13  13  26  26  20  26   0  20  20   0   6   6   6  13  13  26  33  20  20  26  26  26  13   0   0   0  13  13  20  20  26  26  26  20   6   6 
 20  26  20  20  20   6  13  20  26  13   6   6   6   0   0   6  13   0   6  33  26  26  33  33  20  20  26  20  20  33  26  26  40  33  26  20  26  33  20  13   6  13  20  20  33  26  40  33  26  26  20  26  13  20  33  33  26  13  20  33  33  20  13  13  13  26  13  13  26  26  26  13  26   6   0  20  26  13  20   6  26  26  26  26  20  26  13   6   6   0   6  13   6  13   6  33  13  20  13   6 
 20  13   0  20  13   0   6  20  20  20  20  13  13  13  13  20  20  26  20  20  33  26  26   6  26   0  13  26  26  26  13  20  33  46  13  26  26  26  26   6   6  13  20  20  20   6  33  26  26  20  13  26  20  13  13  26  26  26  20  13  20   6  26  13  20  13  13  13  26  20  13  33  26   0   0   0  20  26  20  26  26  26   6  13  26  13   6   0  13   6   6  13  13  13  13  13  20  20   6  13 
  6   6   0  13   6   6  13  20  26  26   6  26  20  13  13   0  26  13  20  20  26  20  20  20  20  20  26  26  33  26  20  33  40  40  26  26  33  33  33   6  20   6  20  20  26  26  33  40  26  33  26  33  33  26  33  26  33  20  20  26  20  26  13  26  13  13  20  20  26  20  20  26   6   6   0   0  26  20  26  20  26  20   6  13   6  20   6   0   6   6   6  13  20  26  20  13  13   6   0  13 
 13  13  13   0   0   6  20  20  33  26  20  20  26  13  20  20  13  26  26  20  26  26  20  20  13  20  20  33  26  33  33  40  40  13  26  13  20  13  26  26   6  20  13  33  26  26  20  40  26  13  20  33  33  33  26  33   6  26  20  26  13  20  20   0  20  13   6  26  20  20  26  26  13   0   0  20  13  20  20  33  26  13  20   6  20   0   0  13   0   6   6  13  26   6   0   6   0   0   6   6 
 20  20   0   0   6   6  33  26  33  33  26  20  20  26  26  26  26  33  26  26  26  40  26  20  26  20  33  26  20  26  26  33  26  20   6   6   6  20  13  20  20  26  13  20  33  33  26  13  33  33  26  33  40  26  40  20  33  33  26  33  26  33   6  20  20  20  13  26  13  20  26  20  20   0   0  13  20  26  20  20  26  13  20  20  13   0   6   0   6   6  13  13   6   0   0   0   0   0   0   0 
 26  33  26   0   0  20  33  33  40  26  33  20  26  26   6  26  26  20  33  20  26  33  40  40  33  33  26  33  26  26  33  26  33  20  13   0  20   0  20  26  20  20  20   6  20  40  26  40  33  40  33  26  33  40  40  33  33  26  26  26  33  13  20  13  20  13  26  20  26  20  13  33  26  20  13  20  20  26  33  13  26  13   6  20  13  13  13   6   0  13  13  13   6   0   0   0   0   0   0   0 
 20  26   6   6   0  13  26  26  13  26  26  20  13   0  13  20  13  26  26  26  20  13  40  33  26  33  26  20  40  40  33  20  26  26   0  20  13  13  13  13  26  33  20  20  26  33  46  40  33  40  46  40  40  46  46  26  20  26  33  26  13  20  20  13  26  26  20  13  20  33  26  33  20   6  20   6  13  26  20  13  20  20  13  20  20   6  20  13   6  20  13   6   0   0   0   0   0   0   0   0 
 33  26  20   6   6  20   6  13  20  13  20  13  20   6  20  20  20  26  20  33  20  20  20  33  40  26  40  40  40  33  40  26  33  26   6  20  20   0  20  26  33  20  20  26  26  33  46  46  40  40  46  40  40  40  20  13  26  40  20  26  20  13  26  26  20  33  26  20  20  26  26  20  26  26  13  13  20  26  20  20  26   6  20  13  26  13  13   6  20  13   0   6   0   0   0   0   0   0   0   0 
  6  26  13  13   6   0  20  20  13  26  20  13  26   6  13  26  26  26  20  26  26  26  13  40  26  40  26  33  33  26  40  40  40  26  20  20  20  26  20  26  40  33  33  26  26  26  40  40  53  40  26  46  46  46  33  40  33  40  40  26  20  20  20  26  33  33  26  26  26  13  20  33  26  26  26  13  20  13  26  26  33  26  26  13  26  26   0   6  13  13   6  13   0   0   0   0   0   0   0   0 
  6  13  20   0  13   6   6  20  26  20  13  13  13  20  20  26  20  20  26  33  33  20  26  20  40  33  33  40  40  46  46  33  26  13  13  26  26  26  26  46  33  40  40  40  26  33  40  53  46  46  40  33  46  46  46  40  26  33  33  46  20  13  20  33  26  33  26  20  26  33  26  26  40  33   6  20  20  20  13  20  26   6  40  33  20  20   6   6  13  20  20   0   0   0   0   0   0   0   0   0 
 13  20  13   6  20  20  13  26  20  13  13  20  13  20   0  13  26  20  26  40  26  33  33  26  33  40  40  33  33  33  40  33  26  26  33  33  33  33  40  46  46  40  40  60  33  33  33  53  60  26  46  40  40  53  46  40  13  26  40  33  33  20  20  13  26  20  26  20  26  20  20  13  26  33  20  20  20   6  13   6  13  20  13  13   6  26  20  13   0   6  20   6  13   0   0   0   0   0   0   0 
  0   0  13  13  20  20  13  26  20  26  33  20  13   6   0   6   6  20  26  26  33  40  26  26  33  40  40  26  26  33  33  26  40  26  13  33  40  40  33  40  46  46  53  46  60  33  40  46  46  53  53  46  46  53  40  33  20  20  33  26  26  20  26  40  26   6  20  13  26  33  13  13  20  20  20   0  26  13  13  20  26  20  26  13  20  26  13   6  13  13  13  20   0   0   0   6   0   0   0   0 
  6   0  13  20  20  13  26  26  33  33  26  26  20  13   6   6  13  20   6  26  20  20  33  33  26  33  33  33  20  33  26  33  53  40  33  40  46  40  40  33  40  46  46  46  46  40  40  46  53  40  53  60  53  46  53  46  46  33  33  20  33  33  40  33  40  26  20  33  13  33  20  33  33  26  33  26  26  20  20  20  13  20  20  13  13  20  20  13   6   6   6  13  13   6   6   6  13   0   6   0 
  0  13  13   6  20  26  20  13  33  20  20  33  26  13   6   0  13  13  13  26  26   6  33  33  26  33  40  26  33  33  40  40  46  53  33  40  46  46  46  40  60  46  53  40  40  40  40  53  53  60  67  67  46  60  60  60  53  40  40  40  40  40  26  40  33  46  46  26  40  26  26  33  40  40  40  33  26  26  13  13  20  26  20  20  13  26  20  13  20  13  13  13  13   6   6   0  13  13   0   6 
  6  20   6  13  13  13  13  26  33  13  26  26  20   6   0  13   6   6  13  33  33  33  33  33  26  40  40  33  40  33  40  33  46  40  46  53  40  53  40  53  33  53  46  53  46  46  46  53  53  53  60  67  53  53  53  60  60  46  40  40  46  46  40  33  40  33  33  33  46  40  33  26  33  33  33  26  33  26   0  20  26  20  26  26  26  13  26  20   6  20  13  13  13   0   6   6  13   6   6   6 
 26  20   6  20  20  20  20  26  20  33  26  26   0   6  26  26  26  40  46  26  33  26  33  33  33  13  40  46  46  40  46  33  46  46  53  53  60  53  46  53  46  46  60  53  53  53  40  60  53  60  60  60  33  53  60  53  67  46  53  33  40  40  46  40  33  40  46  46  46  53  40  33  26  20  26  26  26  20  26  26  26  20   6  20  26  13  20  20  13   0  13  20   6   6   6   6   6  13  20   0 
 13  26  13  13  20  13  26  26  40  33  20   0  20   6  26  26  26  33  33  40  33  40  40  40  26  20  40  33  46  53  46  40  46  46  40  46  53  40  53  33  53  40  53  60  40  46  53  67  67  67  73  67  46  46  60  60  53  46  46  60  46  53  33  46  40  40  60  53  40  40  33  33  33  40  33  26  13  20  20  33  33  20  13  26  26  26  13   6  13  20  13  13   0  20  20   6  20  13  13   0 
  6  13  13  20  26  33  26  20  26  40  13  20  13  20  26  26  33  40  46  26  46  46  46  26  26  33  33  33  53  40  53  53  33  53  53  53  60  53  46  46  46  46  60  40  46  67  73  87  87  80  67  53  67  67  60  67  53  40  53  60  53  40  40  46  53  67  60  60  46  40  46  33  40  46  33  40  40  26  26  26  26  20  13  26  20  20  13   6  20  20  20  13   6  13  13  20  20   6   0   6 
  0   0   6  20  26  33  26  26  13  33  20  13   6  26  33  26  33  26  20  46  53  53  46  33  13  26  26  26  40  46  53  53  46  46  60  67  67  46  40  53  53  46  46  53  60  67  73  80  87  80  80  73  73  67  73  67  60  67  67  53  53  53  33  26  60  53  80  60  60  46  46  53  26  53  40  40  26  40  33  26  33  20  26  26  26   6   6   6  13  26   6  13  13  13  26  20   0  13   0   0 
  0  13  26  26  20  33  26  33  33  33  20  26  20  26  33  40  26  46  40  46  40  46  46  46  46  53  40  26  33  46  53  40  46  53  60  73  73  60  53  46  53  73  67  67  73  53  73  80  80  80  80  67  80  60  80  73  67  67  67  60  40  46  53  60  73  80  73  67  60  53  46  53  60  40  33  40  33  26  33  20  26  33  26  33  26  26  20  20  20  13  13  20  20  20  20  13  13   6  13   6 
  6  20  26  20  33  26  33  46  33  40  20  40  20  20  33  33  26  26  46  46  33  40  46  46  40  40  33  33  26  40  53  46  53  46  53  67  67  53  53  33  53  60  73  73  73  87  87  87  80  73  87  80  80  87  67  73  53  67  60  67  53  33  67  46  80  87  93  73  73  60  53  53  53  46  46  40  40  40  33  33  20  20  33  33  20  20  20  26  26   6  13  13  20  13  20  20  20  20  20   6 
  6  13  13  13  26  20  40  33  20  33  40  33  26  33  33  33  40  40  33  40  46  53  33  40  53  33  40  40  33  40  46  46  46  60  60  46  53  40  33  46  73  80  73  67  73  80  67  80  93  80  80  87  93  73  87  80  80  60  60  60  60  73  53  60  73  87  87  67  46  67  60  53  46  53  53  40  40  33  33  40  26  33  33  26  26   6  26  26  20   6  13  13  20  13  20  20  26  20  13  20 
 13   6  13  20  20  20  33  40  46  33  46  33  33  33  33  33  33  40  46  40  40  40  53  46  53  53  33  53  33  26  60  53  73  67  60  53  60  46  60  53  67  80  67  60  67  73  60  80  87  87  73  87  87  93  73  87  87  73  67  67  73  73  73  67  46  67  87  80  67  60  67  26  53  60  53  46  40  40  46  26  33  26  33  26  20  26  33  20  26  20  26  26  26  20  26  20  13  13  26   6 
 13   6  13  20  13   6  20  33  40  26  33  40  20  33  26  26  46  40  40  26  40  46  46  40  46  53  46  46  53  53  53  53  60  67  60  67  67  60  67  67  73  80  53  67  80  80  80  80  93  87  87  87  93  93 100  93  87  80  60  67  73  67  80  73  73  73  80  73  80  73  67  53  46  46  46  40  20  40  26  26  33  33  40  33  26  26  20  20  26  33  33  20  26  33  13  26  26  13  20  13 
  6  13  20   0  13  20  26  26  20  20  26  33  26  26  33  33  26  46  46  40  33  53  46  53  46  46  46  46  40  53  46  53  73  67  73  67  73  80  73  67  87  87  67  67  60 100 107 100  87  87  80 107 100 107 107  93  93  93  87  73  87  73  93  80  87  87  80  73  67  60  53  60  46  67  60  46  46  46  40  26  46  33  33  26  33  26  26  20  33  26  26  13  20  13  20  20  26  26  13  13 
  0   6  13  13   0  20   6   6  20  20  26  26  13  40  33  40  40  40  40  46  53  40  46  40  46  40  46  53  46  53  46  60  60  73  73  67  80  80  73  87  87  73  80  73  87 100 114 107  93 107 100 114 100  87 114 114  93  87  73  93  67  93  87 120  80  87  87  80  80  73  53  60  46  53  67  53  46  40  46  40  40  46  26  26  33  26  33  40  33  26  26  26  26  26  13  26  20   6  13  13 
  0   0   0  13   0  13   6   6   6  20  13  33  26  33  26  33  40  26  33  40  46  46  46  40  46  60  53  60  40  60  60  67  73  80  73  67  80  87  73  67  67  80  87  87 107 120 120 114 120 114 107 107 114 120 120 134 100  93  87  93 114 100 114 114 100 100  87  93  87  87  67  40  46  60  33  53  53  46  40  46  40  33  33  33  33  20  33  33  26  33  33  33  33  26  20  20  20  13  20  13 
  0   0   0   0  13   6   0  20  26  20  26  26  26   6  13  13  20  20  33  40  46  53  33  53  53  60  60  53  67  67  60  60  80  80  80  73  93 100 100  93 100  80  87 100 100 120 127 114 120 107 114 120 134 107 134 127 127 120 114 107 114 120 120 120 107 114 100 100  93 100  67  60  53  40  53  53  46  40  46  33  26  33  26  40  33  26  33  46  40  33  33  33  33  40  20  33  20  13  13   6 
  0   0   0   0   6   6  13  20  20  33  33  33  33  13  20  13  26  33  26  40  46  60  60  46  40  60  53  60  53  67  67  73  73  80  87  87  93 100 100  87 107 107  93 100 114 127 107 127 120 120 140 140 140 134 127 127 114 127 114 120 134 127 134 127 120 114 114 114 114 100  53  53  60  46  60  53  40  53  40  40  33  33  40  26  40  33  53  33  46  40  33  33  26  33  26  26  20   6   0   0 
  0   0   0   0   0   6  13  13  13  13  33  26  33  20  20  26  26  33  33  40  60  60  53  33  40  53  40  60  67  80  80  67  87  87  80  87  93 100  93 107 120  93 107  93 127 120 120 127 134 147 134 134 140 147 140 147 127 134 134 134 107 147 120 120 114 114 114 120 120 100  93  73  40  60  53  33  53  40  46  40  46  40  40  33  26  33  46  53  46  40  40  26  26  26  33  33   6   6  13   0 
  0   0   0   0   6  13   6  20  13  20  13   6  20   0  26  33  40  26  33  53  46  46  46  26  46  53  53  73  60  80  73  80  80  93  87  80  87 107 114 120 127 120 127 134 120 134 127 174 167 161 161 161 147 154 134 147 154 154 134 127 134 147 127 120 127 120 127 107 120 114 100  87  67  53  53  53  60  73  46  46  33  40  40  26  33  33  40  46  40  46  40  26  20  33  20  13   6   6  20   6 
  0   0   0   0  13  13  13  13   6  13  13  26  20  26  33  13  26  40  53  40  46  46  46  53  60  46  67  67  53  67  67  73  80  93  93  93  93 120 114 127 127 127 127 127 147 147 167 167 174 174 167 174 134 147 154 161 154 161 167 140 161 147 154 147 134 120 127 120 114 114  93  93  67  60  46  73  73  46  46  53  60  26  26  33  33  46  40  33  46  40  40  26  20  20  13  13   6  20   6   6 
  0   0   6   6  13   6  13  20   6   6   6  20  33  26  33  53  33  46  53  53  53  46  53  46  53  67  67  67  73  73  80  87  93  80  87  80 120 114 120 114 127 140 107 147 154 154 187 174 181 187 194 181 194 174 187 181 174 181 174 167 154 161 167 161 127 140 127 127 127 114  93 100  60  67  67  73  67  53  53  60  60  46  46  46  33  20  46  26  33  40  33  26  20  13  20  26  26  33  20   6 
  0   6   6  20   6  20  13   6   6   6  13  33  20  33  33  40  53  53  53  60  60  67  60  46  46  67  67  60  67  73  87  87  73  93 107 114 114 120 127 134 140 140 161 161 194 181 194 187 181 181 201 194 187 194 181 174 187 187 187 167 161 174 147 154 134 120 147 120 114 114 114  93  80  53  60  40  53  46  60  53  60  60  46  46  33  46  33  33  20  33  20  26  33  13  20  26  33  33  20  20 
  6   0   6  13  20  13  20  13  13  20  33  26  26  33  33  26  33  46  46  53  46  46  33  53  46  67  80  67  73  80  67  93  87  87 100 120 120 134 147 154 167 167 181 201 167 161 181 194 187 194 208 208 194 194 194 187 194 187 187 174 181 167 161 161 147 140 127 127 127 120 107 100  73  80  67  60  60  53  53  60  53  60  46  20  40  33  33  26  33   6  13  26  20  13  20  20  20  20  20  13 
  6  13   6  13  13  20  20   6  20  20  26  13  26  26  33  33  40  33  33  46  46  26  73  46  67  60  67  87  73  73  80  87  93  93 107 114 134 140 154 147 154 187 167 187 201 174 174 187 214 214 208 201 201 208 208 201 194 194 181 181 174 161 167 161 154 134 134 120 107 107  93 100  80  80  67  67  60  60  60  60  53  53  46  40  26  33  20  26   6  13  20  13   0  13  13  26  13  13  13   6 
 26  26  13  13   6  13   6  20   6  26  26   0  20  33  26  26  40  33  20  33  60  60  53  67  60  67  60  80  80  73  87  87  60 100 100 127 120 147 161 167 174 187 181 181 194 187 194 208 221 214 221 228 208 194 214 187 194 194 194 187 174 167 154 161 154 140 140 140 120 100  87 107  67  87  87  80  80  67  53  46  53  67  46  46  46  33  20  20   0  13  26  20  26  26  13  20   6  20  26  20 
 20  20   0   6  13   0   6   6   0  20  20  13  20  13  20   6  26  26  33  40  60  67  53  60  60  53  67  67  73  87 100  93 100 114 127 120 147 147 167 174 167 154 181 181 187 201 208 201 221 214 214 214 228 221 208 214 181 194 194 201 181 181 181 167 147 134 120 114 127 100 107  80  87  87  87  67  67  73  60  53  67  53  60  46  40  40  13   0   6  33  26  20  20  13  20  26  20  20  20  13 
  0   6  13   6   6  13  13   6  26   6  20  13  13  26  13  33  13  20  40  26  40  60  46  53  53  67  80  80  80  80  93 107 114 120 114 140 167 147 161 147 174 181 187 174 167 194 201 214 214 221 228 234 228 208 228 214 201 194 201 181 187 187 194 174 167 140 134 114 127 114  87  67  53  87  87  80  60  73  46  67  60  60  60  60  46  40  33  13  26  40  13  20  26  13  20   6  33   6  26  13 
  0   0   6  20   6   6   0  13  26  20  20  20  40  26  33  40  26  33  40  40  40  33  60  60  67  73  80  80  87  93 100 107 100 120 147 134 161 174 161 167 167 187 187 181 181 187 201 228 228 234 228 208 228 221 234 228 208 194 214 201 201 194 194 187 167 154 140 120 120  93  60  87  87  80  80  93  67  73  73  60  73  73  67  60  46  33  33  26   6  33  26  26  33  26  20  20  26  33  33  13 
  0   6   6  20  26  20   6   0  20  20  26  26  40  33  33  33  26  40  46  46  40  26  53  53  67  67  73  80 100 107 100  93 100 120 147 147 161 174 181 174 147 187 194 187 194 201 214 214 234 228 221 221 228 214 221 228 221 208 228 221 201 201 201 187 174 154 147 127 114 107 107 114  93  87  87  80  80  73  73  73  73  67  46  46  40  26  33  13  33  13  13  20  20  13  26   6   6  26  20  13 
  0  20  13   6  13  20  20   6   6  13  20  33  20  13  33  33  33  40  40  26  40  40  40  53  67  73  80  80 100  80  93 120 120 134 154 154 167 174 174 187 187 194 208 187 201 208 208 228 228 228 228 228 221 228 228 228 228 228 228 241 221 228 187 187 181 134 140 147 134 114 107 107  80  80  73  67  73  80  67  67  60  60  40  46  46  40  33  26  26  33  40  20  20  20  13   0  13  20  20  40 
  0  20  33  20  13   6  20   6  20   6  13  13  20  33  40  40  13  33  40  40  46  46  53  60  67  73  80  73  73  93  87 107 127 127 134 147 174 174 167 181 167 194 187 194 194 201 221 221 241 221 214 228 241 234 228 228 234 234 234 221 228 221 187 181 167 174 140 134 140 127 114 107  93 100 100  80  80  73  60  73  60  53  53  46  40  46  40  33  33  40  26  13   6   6  13  13  20  20  26  40 
  0  20  26   6  20  20   6  13  13  20  20  20  13  20  20  26  33  26  40  33  53  46  67  60  80  60  73  67  80  80 107 120 127 134 147 154 161 161 187 187 181 187 208 208 174 208 234 241 241 248 241 228 228 221 228 234 228 228 241 241 228 201 194 181 174 167 167 140 127 147 114 114 107 107 100  80  73  73  73  53  60  67  40  46  46  40  40  33  26  33  26  20   0   0   6  20  13  13  33  26 
 20  20  13  20  13  33  20  20  13   6  13  20  20  13  20  33  20  26  26  46  40  40  60  73  67  80  40  60  73  73 107 120 114 140 161 161 161 174 194 194 201 194 214 214 214 214 234 255 255 234 234 234 234 234 228 228 241 241 234 234 221 201 187 174 167 161 154 147 134 140 140 114 107 107 100  93  80  80  53  53  53  46  46  40  53  46  40  33   6  20  13   6   0   6   6   0   6  13  13  20 
 20  20   6  13   6  20  26  26  20  13   6   6  20  20  33  33  26  26  40  53  60  60  60  60  53  80  67  73  80  93 114 120 127 140 154 167 174 181 194 194 194 221 221 208 214 214 228 234 234 241 248 241 228 221 234 248 234 234 234 241 201 208 194 181 174 161 147 140 147 134 114 127 114 107  93  87  60  46  60  60  46  46  46  26  20  53  33  33  33  26  20   6  13   6  13  20   0   0   6   0 
  0  26  26  13  13  20  13  20  26  13  13  20   6  33  33  20  46  33  46  53  53  53  60  60  73  80  73  73  73  73 107 107 120 120 147 167 174 187 194 174 201 194 201 214 214 214 221 234 234 221 221 241 234 248 241 241 234 228 228 228 208 201 187 187 167 154 154 147 140 134 140 127 114 100  87  80  46  53  46  53  40  26  40  40  40  33  33  26  40  33  13  13  13   6  20  13  13   0   0   0 
  6  13  20  20  13  13  13  20  13  20  20  20  13  33  33  46  53  40  60  60  60  73  60  46  53  67  73  73  80  67  93 100 114 127 107 134 167 174 194 208 194 194 201 208 194 228 234 241 208 221 228 228 234 228 228 228 221 228 228 228 208 194 194 194 181 154 154 140 147 127 134 120  93  87  73  73  60  60  40  46  46  46  46  40  46  40  40  26  20  40  26  26   6  13  20  13   0   0   0   0 
 13  20  20  26  26  20  13  13  13  26  20  26  33  33  33  40  33  46  53  53  53  67  46  60  53  46  60  73  73  80  87 114 120 127 140 140 161 181 187 194 181 194 201 194 214 234 228 241 241 221 214 234 221 228 228 228 228 228 234 221 208 194 194 181 181 147 140 154 147 147 120 120  87  73  67  73  60  67  46  46  60  60  40  46  40  46  40  33  33  13  33   6  20   6   0  13   0   0   0   0 
  6  13   6  13  26  13  13  26  20  26  33   6  20  40  33  40  46  46  46  46  46  53  53  26  46  67  67  73  33  67  93 114 107 140 147 127 147 187 187 167 187 187 201 221 234 228 241 241 241 234 228 214 228 234 228 221 208 234 214 221 194 187 174 174 174 147 147 147 127 140 127 107 100  80  73  80  46  53  53  46  67  67  46  40  46  33  40  40  26  13  33   6  26  33   6   6   6   0   0   0 
  0  26  20   0  13  20  26  20  26  13  26  26  26  33  26  40  40  40  53  53  40  46  53  33  53  67  87  87  80  87  80 107 134 147 140 140 140 174 187 187 201 208 201 228 214 221 228 214 241 228 221 214 221 228 221 214 214 214 228 214 187 194 194 181 174 147 140 147 134 120 107 100  80  67  73  73  60  60  46  40  46  33  33  46  46  26  40  33  26  33  33  33  26  26  20   6   0   0   0   0 
 13  13  20   6   6  13  26  26  26  33  26  33  26  20  33  46  40  53  46  46  53  53  53  46  67  60  80  87  87  93  87 114 114 134 134 140 140 167 187 167 194 201 214 201 208 228 221 234 221 228 221 221 214 208 208 214 214 221 221 187 201 201 187 174 161 161 147 147 120  93 114  93  93  80  73  73  67  46  46  33  33  33  33  26  40  53  40  33  26  26  26  20  20   0   0   0   0   0   0   0 
 13  13  13  13   6   0  13   6  26  20  26  33  26  40  40  33  40  33  60  53  53  53  60  53  67  73  60  73  93  93  93  93 120 140 140 134 161 174 167 194 187 201 214 201 208 221 228 208 228 234 234 214 208 201 214 201 214 214 201 194 194 187 174 154 161 140 147 134 114 107 100 107  87  80  67  67  53  53  40  26  33  13  33  33  53  46  40  33  20  20  13  13  13   0   0   0   0   0   0   0 
 13  13  20  13  26   6   6   6  13  26  20  20  33  40  26  26  26  40  53  60  60  53  60  67  67  67  60  60  80  80  80  80 140 134 127 140 161 174 181 181 194 167 201 201 221 221 208 214 228 214 228 201 201 187 208 208 201 201 194 201 201 167 161 161 154 140 134 107 100 107  80  80  93  93  73  53  46  33  26  33  33  26  40  33  40  33  33  33  20  26  20  13  13   0   0   0   0   0   0   0 
 26  33  13  26  26  20  20   6  20  20  20  13  33  26  26  26  26  46  40  40  26  40  46  67  60  40  53  60  73  73  87 100 100 140 120 120 154 161 167 187 187 187 194 214 194 201 194 208 208 228 208 208 194 201 201 201 194 187 194 201 187 167 154 161 140 154 140 120 107 107 107  87  73  93  73  67  53  20  46  40  26  46  33  40  26  40  33  20  33  20  20  13   6   0   0   0   0   0   0   0 
 33  26  20  20  26  20   6  20  26  20  13  20  33  20  13  33  20  40  33  26  33  33  46  46  60  60  67  60  67  80  93  93 107 114 127 140 147 127 167 181 187 194 201 194 194 208 187 208 208 208 201 201 194 181 201 194 201 201 194 194 174 167 147 154 147 134 127 100 100 107  93  73  67  87  87  53  40  60  46  40  33  53  53  40  40  20  40  33  13  13  13  20   0   6   0   0   0   0   0   0 
 13  20  26  33   6  33  33  26  26  26  26  26  33  26  33  20  40  33  26  33  40  33  46  53  67  40  67  67  67  87  93  93  80 100 114 127 127 147 167 174 181 187 187 214 187 214 208 208 214 201 208 201 194 201 201 208 201 187 194 187 181 174 161 154 147 140 114 114 100  93  93  87  87  80  73  53  40  53  40  46  40  53  53  20  40  40  33  40  26   6  13  13   6  13  20   6   0   0   0   6 
  6  13  26  20  26  26  13  26  26  26  26  20  20  26  26  33  26  33  13  26  33  46  46  60  60  53  87  93  80  93  87  93 100 107 114 120 134 140 181 174 174 181 187 187 201 208 194 194 208 201 208 201 194 181 187 181 194 187 181 181 167 161 167 140 154 127 107 114  93 100  93  80  73  80  53  60  53  40  60  46  40  33  33  33  33  13  33  33  20  20  20  20  13  20  13  20  13  13  13  13 
  6  20  20  13  20  26  33  20  13  26   0  20   6  26  20  26  26  26  33  33  20  40  40  46  46  53  73  60  73  80  80  93 100  87 120 120 140 161 161 161 174 187 181 194 181 201 194 201 187 194 187 194 201 181 187 187 187 187 167 167 161 154 147 134 134 120 127 114 107 100  87  93  73  73  67  60  73  67  46  40  26  33  46  40  33  26  33  40  33  40  26  20   6   0  13  13  20  26  26  20 
  6  33  13  20   6  33  33  33  13  20  26  26  26  33  33  26  40  26  46  46  20  20  46  40  53  53  46  46  67  73  80  87 107 107 107 120 127 154 167 161 167 167 174 187 181 181 181 181 187 181 194 201 174 181 167 181 187 174 167 161 167 127 114 120 127 120  93  93  93 100  80  73  67  80  73  73  67  73  46  33  33  40  46  40  33  33  33  26  33  26  33  20  13   0  20  13  20   6  20  13 
 20  26  20  20  13  20   6  26  20  13  26  33  33  40  40  33  20  33  40  26  33  40  46  60  46  53  53  67  73  73  73 100  87  93 100 107 120 140 154 154 161 154 161 174 181 167 187 187 181 154 161 181 181 147 161 154 161 161 161 161 127 120 134 120 120 107  87  80  93  93  87  67  60  73  80  73  67  60  53  46  33  40  46  46  33  40  26  33  33  26  26  13  20  13   6  26  13  13  20   6 
 20  33  13   6  20   6  13  13   0  13  33  20  26  26  33  33  40  40  26  26  20  33  40  46  46  53  60  60  53  80  80  73  80  80 100 107 120 127 140 154 147 161 147 161 174 174 181 154 167 161 154 161 161 154 161 154 161 161 147 140 114 127 120 114  87 107  93  80  80  93  53  60  60  60  40  46  46  53  53  46  53  33  40  46  46  26  33  40  33  26  20  20   6  13  33  13   6  13  20  13 
 26  20  20   6  13  20  13   6   0  26  13  40  26  33  33  33  40  26  26  33  46  33  53  46  60  46  53  40  53  67  67  73  80  87 100 107 120 134 134 134 140 140 120 140 134 140 134 140 147 147 154 140 127 154 140 147 147 154 140 100 127 114 114 107  93  87  93  87  67  80  53  53  60  60  46  53  60  60  53  53  33  33  33  46  40  40  33  33  13  33  33  26  20  26  26  20  20  26  26  13 
 13  20   0   6  20  13  20   0  13  26  33  46  46  40  46  33  40  33  33  40  46  40  33  53  40  46  40  46  53  60  60  80  87  87  93  93 120 127 134 127 134 134 127 114 127 134 127 134 140 140 134 127 127 134 140 114 127 120 120 127 120 120 107 100  73  93  80  80  73  67  67  53  60  60  60  53  53  53  26  40  26  20  40  40  46  46  33  26  40  26  20  33  46  40  20  20  13  13   6   6 
  6   6   0   6  20  20  13  13  33  40  26  40  60  67  40  46  40  33  40  46  33  33  33  33  40  46  33  60  60  33  67  67  73  93 100 107 100 114 120 107 127 120 134 120 127 107 127 120 140 134 114 114 120 127 134 120 107 127 120 120 107 107 114 100  93  80  87  67  73  60  60  53  60  67  67  46  33  40  40  26  40  20  33  33  13  40  20  33  13  33  33  26  26  13   6  13  13  13   6   6 
 13  26   0   0   6  13   0  20  26  20  33  20  33  60  60  33  26  33  33  33  33  26  20  40  26  40  40  53  53  53  67  40  87  87  80  93 100 114 100 114 120 127 114 100 114 114 114 127 120 120 107 120 120 120 114 100 127 114 120 114 100  87 100  93  73  73  80  87  80  60  73  73  53  60  53  46  53  40  20  33  20  20   6  33  40  40  26  26  20  26  20  26  26  26  26  13  13  13  13  13 
  6  26  33  13   0   6  13  13  20  26  20  26  40  40  53  53  33  40  40  33  40  33  26  33  33  13  33  40  40  53  53  67  73  67  80 100  93 107 107 107 120 114 114 114 114 107 107 107 114 114 114  87 114 120 120 107 107  93 100  87  93 100 107  87  60  80  80  87  73  67  80  53  46  53  53  53  53  53  40  26  13  26  40  33  46  40  26  26  20  20  26  26  20  26  26  26  20   6   6  13 
  6  20  33   6  13   6   6   6  26  33  26  26  33  40  33  40  46  33  26  46  46  40  33  26  20  40  40  46  60  46  60  73  73  73  80  93 100 100  93 100  93 100 107 100 100 100 107 107  93 120 100  93 107 107  93 107 100  87  93  93  93  87 100  87  60  67  87  53  67  67  53  53  53  40  46  33  33  40  53  33  26  33  40  40  40  33  20  26  20  26  26  20  20   6  20  20  13   0   0   0 
  6  20  26  20   0   6  13  13  26  26  33  26  33  33  33  33  40  33  46  33  46  40  20  26  33  26  53  53  46  53  60  67  53  60  73  67  80  93 100  87  80  93 100  87  93 107  73 100 100 107  87  87  93 107 100  73  93  93  87  80  87 100 100  93  87  80  73  60  60  60  60  53  60  40  40  40  33  40  53  40  26  33  13  33  26  20  20  13  26  20  13  20  13  13   6   6   6   6   0   0 
 26  20  20   6   0   6  13  13  20  33  26  33  33  20  26  33  33  33  40  40  26  40  46  33  33  26  53  40  60  60  60  46  60  67  67  73  80  87  73  73  73  93  87  60  80  93  93  87 100  87  87  67  80 100  80  87  60  73  87  87  87  73  80  93  87  87  73  60  53  60  53  46  53  46  33  33  40  26  33  13  33  26  20  26  20  26   0  13  13   6   6  13  26  13   6   0   6  20   0   0 
 26  26  26  20  13   6   6  13   6  26   6   0  26  26  26  33  26  33  26  33  26  26  46  40  40  46  53  60  53  67  60  60  60  60  53  53  60  73  80  87  87  60  67  73  80  80  73  60  80  60  87  73  80  60  67  67  73  73  73  73  87  80  87  80  87  80  60  46  60  60  53  53  46  40  46  33  40  40  20  33  33  26  33  33  26  33  13  13  13  13  20  13  20   6   0   0  13  13  20   0 
  6  33  33  26  13  20   6   6  20  13  13  26  20  33  33  20  33  40  33  20  20  26  33  40  46  46  60  46  60  53  60  53  67  60  60  60  60  60  67  80  80  80  53  60  67  73  73  67  73  80  80  87  60  67  67  67  60  67  67  80  67  87  80  60  80  33  53  60  60  53  46  53  53  53  33  40  40  13  33  20  26  26  26  33  20  13   6  20  13   6   6  13  20   6   6   6   0  13   6   0 
 13  40  33  33  20  20  20  13  20  13  26  13  26  20  40  26  26  26  40  26  26  26  33  46  46  46  53  60  67  67  46  60  60  67  53  60  73  67  73  80  80  73  67  67  60  46  60  73  73  73  73  60  67  67  53  60  40  60  60  60  60  73  60  73  40  53  46  53  33  46  40  33  20  40  20  26   6  26  33  33  26  20  33  13  20  20  26  13  13  20  20  13  13  13  13   6   6   6   6   6 
 20  13  20  26  26  20  13  20  13  26  20  26  33  26  26  26  33  33  40  33  20  33  40  46  53  60  60  46  67  73  67  40  60  33  53  60  73  60  67  73  80  73  60  53  60  73  67  67  67  80  60  53  60  53  53  60  67  60  67  67  67  60  60  60  40  46  67  60  33  40  20  26  33  40  20  20  26  26  26  20  20  26  20  20  26  26  26  20   6  13   6  13   0   6   6   0   0   6  13  13 
 13  20   6   0  26   6  26  26  33  33  20  20  33  20  13  26  40  33  33  26  40  26  26  46  40  60  60  53  53  60  60  60  60  53  53  67  46  53  67  60  46  73  67  60  46  67  67  67  67  73  60  53  40  60  60  46  53  60  60  60  46  60  67  67  67  60  53  60  40  33  40  20  26  26  26   6   0  20   6  20   6  26  20  13  26  26  33  33  26  20   6  13  20  13  13   0  13  13  13   0 
  0   0  13   6  13  26  20  26  26  26  13  20  26  20  20  20  40  33   6  33  33  33  40  46  53  53  46  40  53  60  67  53  53  53  60  46  46  40  46  46  33  53  60  60  53  53  46  73  40  46  67  53  60  53  53  53  53  53  46  40  60  46  67  60  46  33  40  33  46  40  26  20  20  26  33  13  13  26  20  13   6  20  26  26  26  26   6  33  20  26  20   6  13   0   6   6   0   6  13  13 
  0   6  13   0  20  13  26  20  20  33  20  20  26  20  33  26  26  40  33  40  46  46  53  46  40  40  53  46  53  53  46  53  53  33  46  67  67  67  46  40  40  46  53  40  53  40  53  46  46  53  46  26  33  40  40  46  46  53  53  40  33  53  53  33  33  33  40  53  40  40  26  33  26  33  26  26   0  13  26  20  20  13  20  13  26  26  20  33  26  13  20  13   0  13   0   0  13  20  20   6 
  6  20  13  13  13   6  20  33  26  26   6  26  20  20  40  33  40  26  33  33  46  53  46  53  26  46  40  53  46  46  46  46  46  53  60  53  60  53  53  40  26  53  53  53  46  46  53  46  46  40  40  40  40  40  40  53  46  46  60  33  40  33  20  46  33  33  46  40  40  40  26  20  26  33  26  26  20  20  20  13  20   6  20   6  26   6  26  26  20  26  26  20  20  13  20   0  26  13  20  13 
  0   6  13  13  13  20  26  13  26  20  20  33  26  13  33  40  20  26  26  33  40  40  53  33  26  33  40  53  53  40  33  46  46  53  53  40  46  40  40  46  40  33  53  46  46  46  53  33  40  33  40  46  46  40  40  40  53  53  60  53  33  40  33  33  33  33  33  40  46  40  33  13  26  33  20  13  20  20  13  20  20  13  20  20  40  13  20  20  13  20  33  26  26  13   6  20  26  26  33   6 
  0   6  13   6   0  20   6  20  26  26  20  20  26  20  20  13  20  26  40  40  40  40  26  13  33  33  33  33  46  46  46  26  46  40  46  26  40  40  40  26  26  26  40  53  46  40  33  33  40  40  40  33  40  33  46  40  46  46  40  40  33  33  26  20  20  33  40  40  40  33  40  40  20   0  20  20  20  20  20   0  20  26  20  40  46  40  26  20  26  33  13  26  26  20  20  13   6  33  26  20 
 20  26   6  13  13  26  20  13  33  20  13  13  20  13  20  20  20  20  40  33  26  26  33  33  46  26  26  40  40  46  46  40  33  33  33  26  20  40  33  26  33  26  33  46  53  40  40  40  26  26  33  40  26  46  33  46  33  26  33  40  20  26  40  40  26  26  46  40  40  33  20  40  26  20   6  20  13  20  13  13   6  33  40  46  46  46  33  33  33  40  20  26  26  20   6  20  26  20  20  13 
 13  13  26  20  26  20  13  26  26  26  13  20  26  33  20  13  20  13  20  26  26  20  20  40  40  26  26  40  26  40  26  40  26   6  13  26  26  26  20  40  33   6  20  26  40  40  40  40  40  26  20  26  20  40  40  40  40  33  33  40  40  40  46  20  40  40  40  33  33  40  33  13  20  20  13  13  26  13  20  13   6  13  26  40  20  40  20  33  26  46  33  40  33  20  26  26  13  26  20   6 
 26  20  26  20   0   6  20  20  26  26  13  20  13  40  26   6   6  20  20  13  20  20  26  33  33  20  33  40  40  26  26  20  26  26  20  13   6  20  26  20  26  33  40  33  40  40  33  26  46  40  26  33  33  33  26  40  40  40  33  33  33  33  33  33  33  33  26  20  26  33  26  20  13  13   6  13  20   6   6  20  20   6  20  20  26  20  26  33  33  26  46  20  46  53  33  33  26  20  13   6 
 26  26   6   6  13  13   6   0  26  26  20  20  20  20  26  13  13  20  20  26  33  33  26  33  33  40  33  26  40  26  26  13   0  13   6  13  13  20  26  33  26  33  40  40  26  20  33  33  40  33  26  13   6  33  13  40  40  26  26  26  40  13  33  26  26  20  33  33  33  20   0  13  20  13  20  13  13  13   6  13  13   6  13  20  20  20  20  26  26  20  26  26  33  40  26  26  26  20  20   6 
 13  26  26  20  20  13   6   6   0  20  26   6  13  20  20  26  13  20  20  26  33  33  40  40  33  26  40  40  46  26  20  13   6   0  20   6  13  20  33  20  33  40  26  26  26  33  20  13  20  20  20  13  20  26  33  20  26  33  40  20  26  46  40  40  26  20  20   6  26  13   6  20  20  20  13   6   0  20   0   6   0   0  13  20  13   0  20  26  26  13  26  26  26  33  20  20  26  26  13  13 
 20  26  20   6   6  20  13  13  20  13  13  13  20  13   6  20  20   0   0  20  26  33  40  20  26  33  20  26  33  40  26  20  13   6  13   0  13  20  26  33  46  33  26  33  26  13  20  13   0  13  20  26  20  20   6  20  26  33  46  33  26  33  40  33  33  26  20  26  26  13  20  26  13   6  13   6   0  13  13  13  20   6  13  13   6  20  13  26  20  26  33  26  26  26  26  20  13   0  20   6 
 13  13  13  13  13  20  20   6   6  13   6  13  20  20  13  13  13  13   0  20  20  20  20  33  26  26  26  26  33  33  20   6  13   6  13  20   6   6   6  40  40  26  13  26  26  20  20  20  13  13  20  20  33  20  20  20  13  13  40  40  33  20  40  33  33  26  20  26  13  20   0   6  13   6   6   6  13  13  13  20  13   6  13  20   0  20  20   6  26  26  20  33  33  20  20  26   0  13  13  13 
  6  20  20   6  13  13  20  13  20   6  13  20  26  26  13  20  20   6  13   6  20  26  33  33  20  26  33  26  33  33  20  13   0   6  13   0  13  13  20  20  20  26  26  26  13   0  20  20  20  13  13  26  26  33  13  13  26  26  33  26  33  33  26  33  40  26  20  20  20  13  13   0  20   0   6  13   6   6  20  13  13  13  13  13  26  20  20   0  26  33  33  33  20  13  26  26  26  13  13   6 
  0  20  13  20  20  26  20  20  20  26  26  26  20  26  13  26  13   6   6  13   0  20  26  33  40  33  20  40  33  26  26   6  13   6   0  13   0   6  20  20  20  26  20  20  13  26  26  13   0  13   0  13  26  13  20  13  20  33  26  20  26  20  33  20  26  26  20  13  13  13   6  13  26  20  20   6   6  13  13  20  26   6   0  26   6  20  13  13  20  26  20  13  20  26  40  40  20  20   6  20 
  0  13  20  13  20  26  20  33  20  26  26  20  26  26  20   6  33  20  20  13  20  20  40  40  33  33  20  33  33  40  33  20  13  13  13  13   6  13  20  13   6  26  20  26  13  13  13   0   6   6   6   0  20  33  20  13  33  26  26  40  33  33  40  33  26  33  13  13   6   0  20   0  26  26   6  13  13  20  13  26  20   6   0   0  13  20  13  20  20  26  33  13  20  40  33  20  33  26  26  20 
  0  13  13  20  20  20  33  33  20  20  20   0  26  26  13  26  26  20   0   0   0  26  20  40  33   6  33  26  33  26  13  13  20  13   6  13  13  20   6  20  13  26  20   6   6  20  13   0   6   6   6   0   0   6   6  26  13  13  13  40  26  26  26  33  13  26  26  20   6   6  13  20  20  20  26  20  20  26  13  26  20  13  20   0  13  13   0  20  13  13  26  33  33  33  26  26  20  13  26  20 
  0  13  13   6  13  20  13  26  33  20  20   6  13  13  13  26  33  13  26  13  13  26  26  13  33  33   6  26  20   6   6  20  20  13   6  20  13  26  26  13  13  26  20  26  26  13   0   0   6   0   0   0   0   6  13  20  13  13  13  33  20  40  26  26  33  20  33  20   6  20  20  26  26  13   6  26  26  20  20   6  26  13  26  20  20   6   6   6   6  13  26  33  26  20  20  20  20  13  26   0 
  0   0   0   0   0  13  13  20   6  13   6   6   6  13  13  20  20  26  33  40  33  20  13  20  26  33  26  20  33  13  13  13   6  13   6   0   6  20  33  20  26  26  13  13  20   6  20  20   6   6  13   6   0   6  20  13  13  13  20  26  46  20  33  26  40  40  46  20  26   0  13  20  26  20   6  20  20  13  26  20  20  26  20  13  20  13   6   6   0  13  13  20  33   0  13  20  20   6  20  20 
  0   0   0   0   0  13  20   6  13  13  13  13  13  13  20  13  20  26  33  26  20  26  20  13  26  26  26  13  26  13  13  13   6  20   6  13   0  20  13  26  20  13  33  26  26  13  20  20  20  13   6   0   0   0   6  20  13  20  26  26  13  20  26  33  33  46  20  26  26  26  20  20  13  20  20  13  26  13  13   6  13  20  20  20  20  20  13   6   6  13  20   6   0  20   6   0   6  13   6   6 
  0   0   0   0   0   6   0   6   6   0  13  20  20  20   6  13  13  20  26  26  26  20  20  33  26  33  26  26  20  20  13  13  33  26   6   0   6   6  26  20  13  20  33  40  20   0  20  26  33   6   0   0   0   0  13  20  20  26  33  20  26  20  13  33  40  46  26  13  20  20  40  26  26  20  20  26  20   6  13  13  13  13  20  20  13  20  13  13  13   6   6   0   0   0   0   0   0   0   0   0 
  0   0   0   0   0   0   0   0   0   6  13  13  20  26  20  13  13  26  26  26  26  13  20  20  20  26  33  20  13  13   0   0  20   0   0   0   0   6   0   6  13  20   0   0   6  20  20  33  13   0   0   0   0   0  13  20  13  13  20  20   6  33  33  33  40  13  26  20  20  20  20  40  20  13  26  33  13   0   6  13  13  13  20   6  13  13   6   6  13  13   0   0   0   0   0   0   0   0   0   0 

Polished Island:
####################################################################################################
####################################################################################################
####################################################################################################
####################################################################################################
####################################################################################################
####################################################################################################
####################################################################################################
####################################################################################################
####################################################################################################
####################################################################################################
####################################################################################################
####################################################################################################
################################################~###################################################
###############################################~####################################################
###########################################~###~~####~##############################################
##########################################~#~####~~##~##############################################
################################~###############~#~~~#~#############################################
#################################~######~#~####~~~~~#~~~~###########################################
###################################~#~#~#~#~###~~~~~~~~~~###########################################
##################################~~~~#~##~~~~#~~~~~#~~~~#~##########~##############################
#############################~######~#~#~#~~##~~~~~~##~~~##~#~####~~################################
############################~#~~#~~~~~####~##~~~~~~~~~~~~#~~~###~~~~################################
####################~~########~~##~~~##~~##~~~~~~~~~~~~~~~~~~~##~~~~~##~#~##########################
#########################~####~##~~~~~~#~~~~~~~~~~~~~~~~~~~~##~~~~~~~~#~~###########################
##############################~#~#~~~~~#~~~~~~~~~~~~~~~~~~~~~#~#~~~~~~~~~###########################
#####################~##~########~~#~###~~~~~~~~~~~~~~~~~~~~~~~~~~~~#~~~#~~#########################
######################~#~~#~##~~~~~~~#~~~~~~~~~~~~~~~~~~~~~~~~~~#~~~~~~#~~~#########################
#########################~##~~~~~~~~~~~~~~~~~~~~~~~~~~~~~~~~~~~~~~~~~~~~############################
#####################~#~#####~#~~~~~~~~~~~~~~~.~~~~.~..~~~~~~~~~~~~~~~~~#~~#########################
####################~######~#~#~~~~~~~~~~~~~~~..~.~.~~..~~~~~~~.~~~~~~~~#~~~########################
#########################~~~#~~~~~~~~~~~~~~~...........-~~~~.~..~~~~~~~##~#~~#######################
#####################~#~~~~~~~~~~~~~~~~~~~~~~.-.....-.---.........~~~~~~~#~~########################
#####################~~##~~~~~~~~~~~~~~~..~~.-.-..------.-..----.....~~~~#~~#~########~#############
####################~~~##~#~~~~~~~~~~~~..~.~-..-------------.-.......~~~#~~#~##########~############
###################~#####~~~~~~~~~~~~...-.--.--**--------------.-.-...~~~~~~~~######################
##################~####~~#~~~~~~~~~~~..-------******------*------.-...~~~~#~~##~~###################
###############~##~~~#~#~~~~~~~~~~~~....--.---**************--*------.~~~~~~~~~~~###################
################~~~~~~~##~~~~~~~~~....------****************-*---.-....~~~~#~#~~~~##################
###################~###~#~~~~~~~~~~..---*****-****************-------..~~~~~~~~~~~##################
######################~#~~~~~~~~~~..-----********************-*----...~~~~~~~~~~~~##################
####################~~~~~~~~~~~~~~~-.--************^**********------.~~.~~~~~~~#~~##################
####################~~~~~~~~~~~~~.-.--***-**********^***********--..-~.~~~~~~~~~~~~#################
#####################~#~~~~~~~~....-*---**********^^^*^**********--.-.~~~~~~~~#~~~~~################
######################~~~~~~~~~.~.---*-********^^^^*^*^^*********--..~~~~~~~~~~~~~~~################
######################~~~~~~~.~~~.---***-*******^^**^**^**^******---....~~~~~~~~~~##################
#######################~~~~~~~~..---***********^^^^^*^^^^^^^*^***----...~~~~~~~~~~##################
######################~~~~~~~~~.----************^**^^^^^^^^*^*****----..~~~~~~~~~~~#################
####################~#~~~~~~~~..------********^^^^^^^*^^^^^^^******---....~~~~~~~~##################
######################~~~~#~~~...----*********^^^^^^^^^^^^^^*****------...~~~~~~~###~###############
###################~~~~~~~~~~~..---***********^^^^^^^*^^^^^^*****-----.-..~~~#~~#####~##############
###################~~~~~~~~~~~....-************^^**^^^^^^^^^*****-------.~~~#~#~####################
################~#~~~~~#~~~~~~~~.-.-*********^^^**^^^^^^*^^^*****------.~~~~~~######################
##################~~~~#~~#~~~~~..----********^^^^**^*^^^^^^******-----..~~~~~~##~~##################
#####################~~##~~~#~~..----*******^^^^^^^*^^^**^*******------.~~~~#~~#~~##################
##################~~##~#~~~~~~~.-----******^**^*^^***^****^******----..~~~~~~~######################
#################~##~~~#~~~~~~~..----********^*^*^**************----.~.~~~~~~########~##############
##################~~~~~~~~~~~~~~.----*********^*^^^************-----..~.~~~~~~######~###############
##################~~~~~~~~~~~~~~-----***********^*^***********-----.~.~~~~~~########################
#######################~~#~~~~~~~-..--***********^************-----....~~~~~~#######################
########################~~~~~~~~..----************************-----~~.~~~~~~#~###~~#################
#######################~~#~~~~~~~~.---************************----..~~~~~~~~#~###~~#################
#######################~~~~~~~~~~...--***********************-*---..~~~~~~~~~#~#####################
#########################~~~~~~~~~..----********************-----.-..~~~~~~~~~######################
########################~~##~~~~....--*-*******************-*-..-.~~~~~~~~~~~~######################
#######################~#~~~~~~~~~~..------******--**--------.-...~~~~~~~~~~~~~#####################
#########################~~~~~~~~~~..-------***-*-----------.-..~.~~~~~~~~###~~#~###################
######################~#~#~#~~~~~~~..-----.----------------~-...~~~~~~~~~~#~~~~~####################
#######################~####~~~~~~~~.------.-----------.-..-...~~~~~~~~~~~~~~~######################
############~~#############~~#~~~~~.~...-.-.-.-.--...--..-.....~~~~~~~~~~~~#########################
#############~~############~~~~#~~~~~.~..-.~...-.......~-...~~~~~~~~~~~~~~~#~#######################
##############~~#############~~~~~~~~..............~.....~~~~~.~~~~~~~~~#~~~~~######################
############################~#~~~~~~~~~~~~.~~~..~.~~..~.~~~~~~~~~~~~~~~~~#####~#####################
##########################~~#~~~~~~~~~~~~~~~~.~~~.~~~.~~~~~~~~~~~~~~~~~~~#####~#####################
##########################~#~~~#~~~~~~~~~~~~~~~~~~~~~~~~~~~~~~~~~~~~~~~#~###########################
##########################~~~~~~~~~~~~~~~~~~~~~~~~~~~~~~~~~~~~~~~~~#~~~~############################
##########################~#~~~~~~~~~~~~~~~~~~~~~~~~~~~~~~~~~~~~~#~~~~#~~~##########################
##########################~~~~#~~~~~~~~~~~~~~#~~~~~~~~~~#~~~~~~~#~#~################################
########################~~~#~~~#~#~~~~~~~~~~~~~~~~~~~~~~~~~~~~~~##~~################################
#########################~~~~~~~~~~~#~~~#~~~#~~~~~~~#~~#~~~~#~~~~~~~################################
########################~~##~~~~~~~######~~~~~#~##~~~~~~~~##~#~~####################################
######################~###~#~~#~~##~~~####~#~#~##~#######~~##~~####~################################
#####################~#~###~#####~~~~~~##~~~##~########~##~#########################################
######################~####~~####~~#######~###~#########~~~~########################################
###########################################~########################################################
############################################~#######################################################
####################################################################################################
#############################################################################################~######
####################################################################################################
####################################################################################################
####################################################################################################
####################################################################################################
####################################################################################################
####################################################################################################
####################################################################################################
####################################################################################################
####################################################################################################
####################################################################################################
####################################################################################################
####################################################################################################
####################################################################################################
